patient0051_0158 0 0.5737 249 277 261 301
patient0051_0159 0 0.5755 248 278 261 302
patient0051_0160 0 0.5985 247 278 262 302
patient0051_0177 0 0.5036 247 276 273 329
patient0051_0178 0 0.6583 242 273 272 331
patient0051_0179 0 0.6434 236 274 272 331
patient0051_0180 0 0.5816 235 276 273 332
patient0051_0182 0 0.5109 231 289 275 333
patient0051_0187 0 0.5975 225 287 279 334
patient0051_0188 0 0.6861 225 286 280 335
patient0051_0189 0 0.6529 226 285 281 335
patient0051_0190 0 0.6761 227 286 282 335
patient0051_0191 0 0.6722 226 287 282 335
patient0051_0192 0 0.6340 227 284 283 335
patient0051_0193 0 0.5826 226 283 284 333
patient0051_0195 0 0.5010 225 281 284 332
patient0051_0218 0 0.5303 207 276 218 294
patient0051_0221 0 0.5276 204 277 219 296
patient0051_0222 0 0.7602 198 272 220 297
patient0051_0223 0 0.8413 198 270 220 298
patient0051_0224 0 0.8443 198 270 221 300
patient0051_0225 0 0.8660 197 269 222 300
patient0051_0226 0 0.8732 196 267 223 301
patient0051_0227 0 0.8793 196 267 223 301
patient0051_0228 0 0.8589 195 265 223 301
patient0051_0229 0 0.8290 195 264 223 301
patient0051_0230 0 0.8387 193 262 223 301
patient0051_0231 0 0.8408 192 262 223 301
patient0051_0232 0 0.8411 193 262 223 302
patient0051_0233 0 0.8245 193 262 225 302
patient0051_0234 0 0.7931 192 258 226 303
patient0051_0235 0 0.8201 189 245 242 304
patient0051_0236 0 0.8845 189 244 243 304
patient0051_0237 0 0.8908 189 244 244 304
patient0051_0238 0 0.8905 188 243 245 305
patient0051_0239 0 0.9001 187 242 245 306
patient0051_0240 0 0.9041 185 241 245 306
patient0051_0241 0 0.8859 184 240 246 306
patient0051_0242 0 0.8821 184 240 247 306
patient0051_0243 0 0.8763 184 240 247 306
patient0051_0244 0 0.8748 183 240 247 305
patient0051_0245 0 0.8744 182 240 248 305
patient0051_0246 0 0.8755 181 240 248 305
patient0051_0247 0 0.8804 179 240 249 308
patient0051_0248 0 0.8829 178 240 249 308
patient0051_0249 0 0.8826 177 240 249 308
patient0051_0250 0 0.8866 177 243 249 308
patient0051_0251 0 0.8800 177 243 249 309
patient0051_0252 0 0.8644 177 244 249 309
patient0051_0253 0 0.8692 177 245 249 309
patient0051_0254 0 0.8586 176 246 249 309
patient0051_0255 0 0.8242 177 247 250 309
patient0051_0256 0 0.8424 205 244 250 311
patient0051_0257 0 0.8441 207 244 250 311
patient0051_0258 0 0.8571 216 244 252 312
patient0051_0259 0 0.8789 217 244 256 312
patient0051_0260 0 0.8940 217 245 259 311
patient0051_0261 0 0.9039 216 245 261 311
patient0051_0262 0 0.9273 215 245 262 312
patient0051_0263 0 0.9310 214 245 263 313
patient0051_0264 0 0.9072 213 245 263 312
patient0051_0265 0 0.8986 213 245 263 312
patient0051_0266 0 0.9051 212 245 263 312
patient0051_0267 0 0.9046 212 246 263 312
patient0051_0268 0 0.8935 211 245 261 312
patient0051_0269 0 0.8829 210 245 260 311
patient0051_0270 0 0.8715 210 244 259 311
patient0051_0271 0 0.6638 208 244 258 311
patient0051_0272 0 0.6417 228 242 259 272
patient0051_0273 0 0.6726 227 241 258 271
patient0051_0274 0 0.6460 227 242 257 270
patient0051_0275 0 0.6352 226 242 257 270
patient0051_0276 0 0.5960 226 242 257 269
patient0051_0277 0 0.6153 227 242 257 270
patient0051_0278 0 0.5702 225 243 255 268
patient0051_0279 0 0.5875 225 244 254 267
patient0051_0280 0 0.5472 228 244 253 266
patient0051_0281 0 0.6281 235 243 253 265
patient0051_0282 0 0.6262 232 243 253 264
patient0051_0283 0 0.6696 229 243 252 265
patient0051_0284 0 0.6642 228 242 251 264
patient0051_0285 0 0.6307 228 243 250 263
patient0051_0286 0 0.6554 230 244 248 262
patient0051_0287 0 0.6613 229 245 247 262
patient0051_0288 0 0.6370 228 245 246 262
patient0051_0289 0 0.6271 230 246 246 261
patient0051_0290 0 0.6177 231 246 245 260
patient0051_0291 0 0.5934 230 245 243 259
patient0051_0292 0 0.6206 229 245 242 259
patient0051_0293 0 0.6339 228 246 241 259
patient0051_0294 0 0.6200 228 246 241 259
patient0051_0295 0 0.6065 228 246 240 259
patient0051_0296 0 0.6082 228 246 238 258
patient0051_0298 0 0.5290 225 247 236 258
patient0052_0142 0 0.7222 248 243 270 270
patient0052_0143 0 0.6244 251 245 270 270
patient0052_0144 0 0.5020 244 246 269 271
patient0052_0145 0 0.5149 245 248 269 271
patient0052_0146 0 0.5274 247 251 268 275
patient0052_0147 0 0.5433 249 252 270 281
patient0052_0148 0 0.6279 246 248 268 277
patient0052_0149 0 0.6879 248 246 265 270
patient0052_0150 0 0.7522 249 244 265 269
patient0052_0151 0 0.7970 250 241 267 271
patient0052_0152 0 0.8348 248 239 268 274
patient0052_0153 0 0.8307 249 237 269 277
patient0052_0154 0 0.8612 247 237 270 278
patient0052_0155 0 0.8738 246 235 272 279
patient0052_0156 0 0.8649 246 235 272 279
patient0052_0157 0 0.8884 244 233 274 280
patient0052_0158 0 0.8933 244 223 276 280
patient0052_0159 0 0.9025 244 221 279 282
patient0052_0160 0 0.9224 242 219 289 282
patient0052_0161 0 0.9153 242 219 291 282
patient0052_0162 0 0.9338 242 219 293 282
patient0052_0163 0 0.9370 241 220 294 283
patient0052_0164 0 0.9297 241 221 294 283
patient0052_0165 0 0.9375 240 221 294 283
patient0052_0166 0 0.9424 238 220 294 283
patient0052_0167 0 0.9295 237 220 295 283
patient0052_0168 0 0.9191 238 221 296 283
patient0052_0169 0 0.9043 236 221 297 283
patient0052_0170 0 0.8796 237 221 297 283
patient0052_0171 0 0.8488 249 228 297 283
patient0052_0172 0 0.8579 255 231 296 282
patient0052_0173 0 0.8574 255 230 297 281
patient0052_0174 0 0.8313 256 232 297 284
patient0052_0175 0 0.8164 260 229 302 282
patient0052_0176 0 0.8334 256 230 302 283
patient0052_0177 0 0.8359 256 230 303 283
patient0052_0178 0 0.8414 256 230 302 283
patient0052_0179 0 0.8475 258 228 301 282
patient0052_0180 0 0.8547 258 228 301 280
patient0052_0181 0 0.8710 258 228 302 280
patient0052_0182 0 0.8776 257 228 302 280
patient0052_0183 0 0.8730 256 228 302 280
patient0052_0184 0 0.8650 255 228 301 280
patient0052_0185 0 0.7403 254 227 301 279
patient0052_0186 0 0.6939 277 228 300 253
patient0052_0187 0 0.6593 278 227 299 252
patient0052_0188 0 0.7022 278 227 299 251
patient0052_0189 0 0.7220 277 227 299 249
patient0052_0190 0 0.7160 278 228 299 248
patient0052_0191 0 0.6680 278 228 297 247
patient0052_0192 0 0.5892 279 228 297 246
patient0053_0106 0 0.6646 196 270 209 303
patient0053_0107 0 0.7184 197 269 209 303
patient0053_0108 0 0.7499 196 265 215 303
patient0053_0109 0 0.7457 195 261 218 304
patient0053_0110 0 0.7500 194 260 219 304
patient0053_0111 0 0.7658 195 259 221 305
patient0053_0112 0 0.7636 195 258 218 305
patient0053_0113 0 0.7570 196 255 216 307
patient0053_0114 0 0.7528 196 256 212 306
patient0053_0115 0 0.7644 195 253 213 308
patient0053_0116 0 0.7577 193 252 212 308
patient0053_0117 0 0.7296 192 251 213 309
patient0053_0118 0 0.7205 192 249 212 308
patient0053_0119 0 0.7025 193 250 212 309
patient0053_0120 0 0.7327 191 243 228 309
patient0053_0121 0 0.8207 191 238 226 308
patient0053_0122 0 0.8515 190 238 228 309
patient0053_0123 0 0.8710 188 237 232 309
patient0053_0124 0 0.8742 186 237 231 309
patient0053_0125 0 0.8669 186 236 232 309
patient0053_0126 0 0.8937 186 236 236 309
patient0053_0127 0 0.9236 186 236 238 309
patient0053_0128 0 0.9222 186 235 240 308
patient0053_0129 0 0.8887 186 235 243 308
patient0053_0130 0 0.9040 186 235 245 308
patient0053_0131 0 0.9061 185 235 246 309
patient0053_0132 0 0.8627 184 235 247 309
patient0053_0133 0 0.8266 187 235 245 309
patient0053_0134 0 0.7704 189 230 244 308
patient0053_0135 0 0.7842 190 231 241 308
patient0053_0136 0 0.8040 192 263 247 308
patient0053_0137 0 0.8220 195 261 248 308
patient0053_0138 0 0.8247 195 262 248 307
patient0053_0139 0 0.8317 193 261 248 307
patient0053_0140 0 0.8308 192 260 247 307
patient0053_0141 0 0.8392 190 264 247 307
patient0053_0142 0 0.8425 190 260 248 308
patient0053_0143 0 0.8279 190 260 247 309
patient0053_0144 0 0.7995 191 262 246 308
patient0053_0145 0 0.7831 190 266 247 307
patient0053_0146 0 0.7855 191 266 246 307
patient0053_0147 0 0.6161 190 266 247 307
patient0053_0148 0 0.6923 185 266 245 307
patient0053_0149 0 0.7083 184 266 245 308
patient0053_0150 0 0.7509 214 263 244 309
patient0053_0151 0 0.7714 214 264 244 309
patient0053_0152 0 0.7523 215 262 243 308
patient0053_0153 0 0.7550 215 260 244 308
patient0053_0154 0 0.8040 215 261 242 307
patient0053_0155 0 0.8025 216 259 243 307
patient0053_0156 0 0.8133 215 260 243 307
patient0053_0157 0 0.8075 216 258 244 305
patient0053_0158 0 0.7824 216 259 243 304
patient0053_0159 0 0.7887 216 260 242 303
patient0053_0160 0 0.7900 215 260 242 300
patient0053_0161 0 0.7525 216 261 241 297
patient0053_0162 0 0.7674 214 261 240 297
patient0053_0163 0 0.7802 213 260 240 295
patient0053_0164 0 0.7553 213 259 240 294
patient0053_0165 0 0.6953 213 259 239 284
patient0053_0166 0 0.6789 214 259 237 281
patient0053_0167 0 0.6710 216 258 236 280
patient0053_0168 0 0.6406 215 257 236 277
patient0053_0169 0 0.6677 216 259 236 273
patient0053_0170 0 0.6935 217 258 235 272
patient0053_0171 0 0.6540 217 257 234 271
patient0053_0172 0 0.6423 216 256 233 271
patient0053_0173 0 0.5816 215 255 232 271
patient0053_0174 0 0.5311 216 254 231 270
patient0053_0175 0 0.6080 214 254 229 269
patient0053_0176 0 0.5627 214 254 228 269
patient0053_0178 0 0.5282 214 253 226 271
patient0053_0179 0 0.5795 214 253 227 272
patient0054_0185 0 0.5509 217 290 228 310
patient0054_0186 0 0.5843 216 290 228 310
patient0054_0187 0 0.6520 216 289 228 311
patient0054_0188 0 0.6663 216 290 229 311
patient0054_0189 0 0.6677 215 291 229 312
patient0054_0190 0 0.6541 214 289 229 312
patient0054_0191 0 0.5917 212 290 229 312
patient0054_0192 0 0.6030 213 289 229 311
patient0054_0193 0 0.6194 212 287 228 312
patient0054_0194 0 0.6164 211 284 228 311
patient0054_0195 0 0.6165 211 281 229 311
patient0054_0196 0 0.6130 210 279 226 307
patient0054_0197 0 0.7635 207 277 224 305
patient0054_0198 0 0.7867 207 277 225 306
patient0054_0199 0 0.7862 208 277 226 306
patient0054_0200 0 0.8192 208 275 227 308
patient0054_0201 0 0.8413 207 274 227 308
patient0054_0202 0 0.8517 205 273 228 309
patient0054_0203 0 0.8464 205 272 228 310
patient0054_0204 0 0.8478 204 271 229 311
patient0054_0205 0 0.8487 204 271 229 312
patient0054_0206 0 0.8511 203 269 230 312
patient0054_0207 0 0.8376 203 261 249 313
patient0054_0208 0 0.8663 202 260 252 314
patient0054_0209 0 0.8915 201 260 253 314
patient0054_0210 0 0.9017 202 259 254 314
patient0054_0211 0 0.9129 202 258 254 314
patient0054_0212 0 0.9362 201 257 254 314
patient0054_0213 0 0.9386 201 257 255 314
patient0054_0214 0 0.9361 200 256 255 314
patient0054_0215 0 0.9332 199 257 255 314
patient0054_0216 0 0.9366 198 257 256 314
patient0054_0217 0 0.9219 197 257 257 314
patient0054_0218 0 0.9052 196 257 258 315
patient0054_0219 0 0.9025 198 258 258 315
patient0054_0220 0 0.8995 198 258 257 315
patient0054_0221 0 0.9088 197 258 258 315
patient0054_0222 0 0.9102 197 258 258 315
patient0054_0223 0 0.8788 197 257 260 315
patient0054_0224 0 0.8741 196 254 259 315
patient0054_0225 0 0.8997 212 261 259 315
patient0054_0226 0 0.9241 214 261 259 315
patient0054_0227 0 0.9206 217 262 259 315
patient0054_0228 0 0.9210 217 262 259 315
patient0054_0229 0 0.9173 218 262 259 316
patient0054_0230 0 0.9117 219 262 259 316
patient0054_0231 0 0.8885 221 263 259 316
patient0054_0232 0 0.8610 223 263 259 316
patient0054_0233 0 0.8703 223 264 259 316
patient0054_0234 0 0.8928 223 265 260 316
patient0054_0235 0 0.8892 223 265 262 315
patient0054_0236 0 0.8889 221 266 264 315
patient0054_0237 0 0.8910 221 266 264 315
patient0054_0238 0 0.8846 220 266 263 315
patient0054_0239 0 0.8856 222 264 264 315
patient0054_0240 0 0.8945 221 264 264 315
patient0054_0241 0 0.9102 220 264 263 315
patient0054_0242 0 0.9141 219 264 263 315
patient0054_0243 0 0.9121 219 264 263 315
patient0054_0244 0 0.8951 218 262 262 315
patient0054_0245 0 0.8723 217 261 262 314
patient0054_0246 0 0.8372 218 261 263 313
patient0054_0247 0 0.7916 217 260 262 313
patient0054_0248 0 0.7709 217 260 261 312
patient0054_0249 0 0.7403 216 261 260 312
patient0054_0250 0 0.7274 217 261 260 313
patient0054_0251 0 0.5953 238 262 259 280
patient0054_0252 0 0.6019 238 263 259 280
patient0054_0253 0 0.6103 239 264 259 280
patient0054_0254 0 0.5963 241 265 258 279
patient0054_0255 0 0.6024 240 265 258 278
patient0054_0256 0 0.6020 240 265 257 276
patient0054_0257 0 0.6072 242 264 256 275
patient0054_0258 0 0.6213 241 262 255 275
patient0054_0259 0 0.6219 241 261 255 275
patient0054_0260 0 0.5975 242 261 254 274
patient0054_0261 0 0.5784 241 262 254 273
patient0054_0262 0 0.5746 242 261 253 273
patient0054_0263 0 0.5813 241 261 251 273
patient0054_0264 0 0.5991 241 262 250 273
patient0054_0265 0 0.5835 240 261 249 273
patient0054_0266 0 0.6000 239 262 249 273
patient0054_0280 0 0.5873 218 277 242 302
patient0054_0281 0 0.5464 218 277 242 302
patient0055_0154 0 0.6199 206 280 267 332
patient0055_0155 0 0.5385 207 278 269 331
patient0055_0156 0 0.5490 207 279 269 333
patient0055_0179 0 0.5861 192 253 203 273
patient0055_0180 0 0.5071 192 254 202 272
patient0055_0184 0 0.5731 191 252 203 272
patient0055_0185 0 0.6604 188 256 205 274
patient0055_0186 0 0.7161 187 255 206 275
patient0055_0187 0 0.7443 187 253 207 276
patient0055_0188 0 0.7696 186 253 208 277
patient0055_0189 0 0.7295 185 251 209 277
patient0055_0190 0 0.7238 184 248 211 277
patient0055_0191 0 0.7180 182 245 212 277
patient0055_0192 0 0.5182 179 239 213 279
patient0055_0193 0 0.8300 181 234 217 279
patient0055_0194 0 0.8656 182 234 221 279
patient0055_0195 0 0.8588 180 235 221 278
patient0055_0196 0 0.8039 179 235 221 278
patient0055_0197 0 0.8181 180 235 224 277
patient0055_0198 0 0.8724 179 233 224 278
patient0055_0199 0 0.8953 178 232 225 280
patient0055_0200 0 0.8855 178 232 226 280
patient0055_0201 0 0.9125 176 232 227 281
patient0055_0202 0 0.8998 177 231 226 280
patient0055_0203 0 0.8706 178 231 226 280
patient0055_0204 0 0.9093 176 233 227 280
patient0055_0205 0 0.9070 176 232 228 280
patient0055_0206 0 0.8326 196 232 228 279
patient0055_0207 0 0.8283 196 232 228 279
patient0055_0208 0 0.8087 199 233 227 280
patient0055_0209 0 0.7971 202 233 229 280
patient0055_0210 0 0.7877 204 232 229 280
patient0055_0211 0 0.7778 204 232 230 280
patient0055_0212 0 0.7659 203 232 230 280
patient0055_0213 0 0.8040 203 231 236 280
patient0055_0214 0 0.8115 202 231 236 280
patient0055_0215 0 0.7960 201 230 235 280
patient0055_0216 0 0.8270 201 230 234 280
patient0055_0217 0 0.8197 200 230 235 280
patient0055_0218 0 0.8384 200 229 235 280
patient0055_0219 0 0.8313 200 229 236 281
patient0055_0220 0 0.8271 199 229 235 280
patient0055_0221 0 0.7762 198 229 233 281
patient0055_0222 0 0.8073 197 229 232 281
patient0055_0223 0 0.7682 198 228 231 281
patient0055_0224 0 0.6027 195 229 231 280
patient0055_0227 0 0.5086 212 229 225 239
patient0055_0228 0 0.5222 212 230 223 238
patient0055_0251 0 0.6236 195 300 233 333
patient0055_0252 0 0.5961 195 299 233 333
patient0056_0061 0 0.5906 203 261 240 301
patient0056_0062 0 0.5863 201 266 233 302
patient0056_0063 0 0.6317 200 267 234 302
patient0056_0064 0 0.5227 199 268 233 302
patient0056_0070 0 0.5821 181 279 212 308
patient0056_0107 0 0.6015 191 282 233 313
patient0056_0108 0 0.6181 191 283 235 315
patient0056_0109 0 0.6030 190 282 237 312
patient0056_0110 0 0.5166 190 281 234 309
patient0056_0132 0 0.5564 175 262 203 296
patient0056_0137 0 0.5578 175 261 196 297
patient0056_0138 0 0.6170 174 263 193 297
patient0056_0139 0 0.5134 173 265 190 296
patient0056_0140 0 0.6766 171 266 190 294
patient0056_0141 0 0.6934 173 263 191 289
patient0056_0142 0 0.8060 173 260 193 291
patient0056_0143 0 0.8358 173 258 194 295
patient0056_0144 0 0.8574 174 256 195 295
patient0056_0145 0 0.8301 174 255 196 296
patient0056_0146 0 0.8347 174 255 197 298
patient0056_0147 0 0.8363 172 251 197 298
patient0056_0148 0 0.7903 173 250 198 299
patient0056_0149 0 0.8857 174 245 227 299
patient0056_0150 0 0.8854 175 245 229 300
patient0056_0151 0 0.8875 173 243 230 301
patient0056_0152 0 0.8904 174 238 231 301
patient0056_0153 0 0.8979 172 237 231 302
patient0056_0154 0 0.8908 171 238 230 302
patient0056_0155 0 0.9005 170 238 231 302
patient0056_0156 0 0.8926 170 237 232 302
patient0056_0157 0 0.9084 170 236 234 302
patient0056_0158 0 0.8972 170 236 234 303
patient0056_0159 0 0.8788 169 237 234 303
patient0056_0160 0 0.8913 167 237 233 303
patient0056_0161 0 0.8960 167 236 233 305
patient0056_0162 0 0.7635 179 251 232 305
patient0056_0163 0 0.8460 185 250 233 304
patient0056_0164 0 0.8703 186 252 232 303
patient0056_0165 0 0.8419 190 253 232 303
patient0056_0166 0 0.8320 186 252 232 303
patient0056_0167 0 0.8311 177 254 234 305
patient0056_0168 0 0.8661 176 255 234 305
patient0056_0169 0 0.7658 176 253 235 305
patient0056_0170 0 0.7243 177 254 235 304
patient0056_0171 0 0.7364 175 254 235 304
patient0056_0172 0 0.7855 206 252 234 286
patient0056_0173 0 0.7715 207 252 235 284
patient0056_0174 0 0.7176 208 253 235 281
patient0056_0175 0 0.7171 207 253 235 280
patient0056_0176 0 0.7327 208 250 235 278
patient0056_0177 0 0.6926 209 248 234 274
patient0056_0178 0 0.6539 209 249 233 273
patient0056_0179 0 0.6446 210 251 232 270
patient0056_0180 0 0.6681 208 249 232 269
patient0056_0181 0 0.6559 211 249 232 269
patient0056_0182 0 0.6128 212 249 231 269
patient0056_0183 0 0.5801 212 250 228 266
patient0056_0184 0 0.5393 214 251 227 265
patient0056_0233 0 0.5802 92 225 128 276
patient0056_0235 0 0.5283 92 228 128 275
patient0056_0237 0 0.5003 93 229 128 276
patient0057_0168 0 0.6854 193 281 231 327
patient0057_0169 0 0.7159 192 279 231 328
patient0057_0170 0 0.6204 193 280 231 328
patient0057_0199 0 0.5215 191 269 208 286
patient0057_0200 0 0.5065 191 269 206 283
patient0057_0207 0 0.5086 185 267 203 286
patient0057_0225 0 0.7461 173 261 192 286
patient0057_0226 0 0.7885 172 259 194 288
patient0057_0227 0 0.8085 172 257 195 289
patient0057_0228 0 0.8284 170 256 195 290
patient0057_0229 0 0.8437 169 256 195 290
patient0057_0230 0 0.8437 169 255 195 291
patient0057_0231 0 0.8443 168 255 194 291
patient0057_0232 0 0.8515 167 253 194 292
patient0057_0233 0 0.8635 166 252 195 292
patient0057_0234 0 0.8604 165 249 197 293
patient0057_0235 0 0.8995 163 242 209 294
patient0057_0236 0 0.9047 162 242 209 295
patient0057_0237 0 0.9118 161 242 211 295
patient0057_0238 0 0.9205 161 242 211 295
patient0057_0239 0 0.8908 159 242 211 296
patient0057_0240 0 0.8519 160 243 201 294
patient0057_0241 0 0.8575 157 241 214 296
patient0057_0242 0 0.8685 156 240 214 296
patient0057_0243 0 0.8934 157 241 212 296
patient0057_0244 0 0.9012 157 240 212 296
patient0057_0245 0 0.9100 156 240 213 296
patient0057_0246 0 0.9113 156 239 213 297
patient0057_0247 0 0.9170 156 239 212 297
patient0057_0248 0 0.9249 155 239 212 297
patient0057_0249 0 0.9180 155 238 212 297
patient0057_0250 0 0.9107 155 238 212 297
patient0057_0251 0 0.8982 154 240 212 297
patient0057_0252 0 0.8690 154 241 213 297
patient0057_0253 0 0.7757 157 241 219 298
patient0057_0254 0 0.8274 188 239 228 299
patient0057_0255 0 0.8759 187 239 228 299
patient0057_0256 0 0.8806 187 240 226 299
patient0057_0257 0 0.8895 186 239 225 300
patient0057_0258 0 0.8999 186 239 225 299
patient0057_0259 0 0.9108 186 239 225 300
patient0057_0260 0 0.9124 185 239 225 300
patient0057_0261 0 0.9210 184 239 224 300
patient0057_0262 0 0.9196 185 239 225 300
patient0057_0263 0 0.9103 186 239 225 299
patient0057_0264 0 0.8961 187 239 224 299
patient0057_0265 0 0.8528 185 238 223 300
patient0057_0266 0 0.8378 184 238 223 300
patient0057_0267 0 0.7908 186 238 224 298
patient0057_0268 0 0.7699 187 235 224 298
patient0057_0269 0 0.7798 188 242 224 297
patient0057_0270 0 0.7617 190 243 223 297
patient0057_0271 0 0.7602 188 235 223 298
patient0057_0272 0 0.7481 184 236 222 299
patient0057_0273 0 0.7535 185 238 222 299
patient0057_0274 0 0.6358 185 239 222 299
patient0057_0275 0 0.6358 202 238 220 258
patient0057_0276 0 0.6322 203 237 219 256
patient0057_0277 0 0.6351 203 237 218 255
patient0057_0278 0 0.6441 204 238 217 254
patient0057_0279 0 0.6501 204 238 217 254
patient0057_0280 0 0.6337 204 238 216 254
patient0057_0281 0 0.5867 205 238 216 253
patient0057_0282 0 0.5401 205 239 215 252
patient0057_0283 0 0.5759 204 239 216 253
patient0057_0284 0 0.5857 203 239 214 252
patient0057_0285 0 0.5711 202 240 212 251
patient0057_0286 0 0.5249 201 240 212 251
patient0058_0139 0 0.7580 225 289 277 348
patient0058_0140 0 0.8121 225 289 276 349
patient0058_0141 0 0.7725 222 284 279 351
patient0058_0142 0 0.7541 219 286 289 352
patient0058_0143 0 0.7826 218 286 288 354
patient0058_0144 0 0.7964 223 279 288 353
patient0058_0145 0 0.7181 223 278 289 353
patient0058_0146 0 0.7060 223 284 290 354
patient0058_0147 0 0.5754 219 285 290 354
patient0058_0168 0 0.5251 196 247 219 281
patient0058_0170 0 0.6143 197 245 216 275
patient0058_0171 0 0.5662 199 248 217 275
patient0058_0172 0 0.6231 204 252 219 278
patient0058_0173 0 0.6542 208 251 220 278
patient0058_0174 0 0.7038 207 250 222 278
patient0058_0175 0 0.7847 205 248 225 281
patient0058_0176 0 0.8070 204 225 254 285
patient0058_0177 0 0.8679 206 224 260 284
patient0058_0178 0 0.8800 204 225 260 286
patient0058_0179 0 0.8747 202 225 261 287
patient0058_0180 0 0.8729 203 224 262 287
patient0058_0181 0 0.8652 202 226 262 289
patient0058_0182 0 0.8801 203 225 265 289
patient0058_0183 0 0.8650 204 225 267 290
patient0058_0184 0 0.8542 203 227 266 290
patient0058_0185 0 0.9080 202 227 268 289
patient0058_0186 0 0.9180 201 227 269 290
patient0058_0187 0 0.9153 200 227 269 291
patient0058_0188 0 0.9049 199 227 270 291
patient0058_0189 0 0.8977 198 227 270 292
patient0058_0190 0 0.8996 195 226 270 293
patient0058_0191 0 0.8859 194 228 269 293
patient0058_0192 0 0.8817 194 225 270 293
patient0058_0193 0 0.7984 221 226 272 293
patient0058_0194 0 0.8159 196 228 272 292
patient0058_0195 0 0.8378 196 228 271 292
patient0058_0196 0 0.8211 222 227 271 294
patient0058_0197 0 0.8858 222 227 278 294
patient0058_0198 0 0.8692 221 227 275 294
patient0058_0199 0 0.8708 222 226 277 294
patient0058_0200 0 0.8633 222 227 277 293
patient0058_0201 0 0.8137 222 226 276 293
patient0058_0202 0 0.7953 222 226 276 293
patient0058_0203 0 0.7824 221 226 273 293
patient0058_0204 0 0.8405 221 226 275 291
patient0058_0205 0 0.8029 219 226 275 291
patient0058_0206 0 0.6212 242 226 273 250
patient0058_0207 0 0.7129 218 224 273 290
patient0058_0208 0 0.6627 244 224 271 245
patient0058_0209 0 0.5883 244 224 270 244
patient0058_0210 0 0.5472 245 225 265 242
patient0058_0211 0 0.5674 246 225 263 240
patient0058_0212 0 0.5687 246 227 262 240
patient0058_0213 0 0.5148 244 226 262 240
patient0058_0214 0 0.5261 243 227 260 239
patient0058_0215 0 0.5948 243 226 259 239
patient0059_0122 0 0.6218 249 283 290 345
patient0059_0123 0 0.5890 248 296 291 347
patient0059_0124 0 0.6489 254 312 295 348
patient0059_0125 0 0.6103 259 314 295 348
patient0059_0126 0 0.5796 255 313 298 349
patient0059_0133 0 0.6038 233 296 246 315
patient0059_0134 0 0.5814 232 297 245 315
patient0059_0135 0 0.5003 230 297 244 316
patient0059_0141 0 0.7170 216 290 232 315
patient0059_0142 0 0.7821 216 289 234 315
patient0059_0143 0 0.8628 212 283 238 319
patient0059_0144 0 0.8576 211 281 239 321
patient0059_0145 0 0.8429 209 277 239 321
patient0059_0146 0 0.8856 203 262 241 321
patient0059_0147 0 0.8888 203 259 244 321
patient0059_0148 0 0.8804 198 259 249 320
patient0059_0149 0 0.8783 196 257 250 320
patient0059_0150 0 0.8794 195 256 252 320
patient0059_0151 0 0.8847 191 253 254 322
patient0059_0152 0 0.9186 189 253 256 322
patient0059_0153 0 0.8862 187 256 257 322
patient0059_0154 0 0.8680 208 261 259 322
patient0059_0155 0 0.8765 204 265 259 323
patient0059_0156 0 0.8316 206 264 259 324
patient0059_0157 0 0.8100 226 265 259 323
patient0059_0158 0 0.8297 225 263 260 323
patient0059_0159 0 0.8785 211 263 259 324
patient0059_0160 0 0.8909 211 264 259 325
patient0059_0161 0 0.9073 214 264 259 325
patient0059_0162 0 0.8961 215 263 260 324
patient0059_0163 0 0.8905 217 263 259 324
patient0059_0164 0 0.9035 218 263 258 324
patient0059_0165 0 0.9011 218 263 258 325
patient0059_0166 0 0.9118 219 261 258 325
patient0059_0167 0 0.8978 221 260 260 326
patient0059_0168 0 0.8965 223 261 259 325
patient0059_0169 0 0.8582 225 262 259 325
patient0059_0170 0 0.8516 225 260 260 324
patient0059_0171 0 0.8530 224 261 259 326
patient0059_0172 0 0.8663 222 261 259 326
patient0059_0173 0 0.8666 221 260 259 326
patient0059_0174 0 0.8739 221 260 261 327
patient0059_0175 0 0.8817 220 255 265 327
patient0059_0176 0 0.8769 218 253 267 326
patient0059_0177 0 0.8748 216 250 267 324
patient0059_0178 0 0.8380 215 252 265 322
patient0059_0179 0 0.8398 212 250 263 323
patient0059_0180 0 0.7810 210 254 263 323
patient0059_0181 0 0.6964 231 251 264 287
patient0059_0182 0 0.7488 230 251 261 282
patient0059_0183 0 0.7527 230 252 260 281
patient0059_0184 0 0.7242 233 251 260 279
patient0059_0185 0 0.7459 234 250 260 278
patient0059_0186 0 0.6814 234 251 259 276
patient0059_0187 0 0.6717 235 251 257 274
patient0059_0188 0 0.6716 238 251 254 270
patient0059_0189 0 0.6494 239 250 254 269
patient0059_0190 0 0.6185 236 250 251 268
patient0059_0191 0 0.6141 237 250 250 267
patient0059_0192 0 0.5594 236 250 249 266
patient0060_0009 0 0.5138 336 359 368 379
patient0060_0014 0 0.5587 339 341 374 376
patient0060_0015 0 0.5479 341 341 375 374
patient0060_0016 0 0.6106 340 336 377 378
patient0060_0017 0 0.6297 341 338 376 379
patient0060_0018 0 0.6410 342 339 382 373
patient0060_0019 0 0.6392 341 339 381 373
patient0060_0020 0 0.5012 340 341 376 373
patient0060_0029 0 0.5106 348 358 370 392
patient0060_0213 0 0.5086 197 284 217 302
patient0060_0214 0 0.5850 196 282 217 303
patient0060_0215 0 0.6803 195 282 216 304
patient0060_0216 0 0.7039 193 281 216 305
patient0060_0217 0 0.6829 192 281 215 305
patient0060_0218 0 0.7323 194 279 220 306
patient0060_0219 0 0.7404 193 279 219 307
patient0060_0220 0 0.7501 192 277 219 307
patient0060_0221 0 0.7597 191 276 220 307
patient0060_0222 0 0.8500 191 271 223 308
patient0060_0223 0 0.8676 189 255 228 308
patient0060_0224 0 0.8787 189 254 231 308
patient0060_0225 0 0.8749 188 254 231 309
patient0060_0226 0 0.8586 187 256 232 309
patient0060_0227 0 0.8803 184 255 235 309
patient0060_0228 0 0.9047 182 255 236 309
patient0060_0229 0 0.8830 182 254 236 310
patient0060_0230 0 0.8456 182 255 236 310
patient0060_0231 0 0.8137 182 255 236 310
patient0060_0232 0 0.7499 181 258 233 309
patient0060_0233 0 0.8626 180 256 237 310
patient0060_0234 0 0.8602 180 256 238 310
patient0060_0235 0 0.8559 180 256 238 310
patient0060_0236 0 0.8788 179 256 238 310
patient0060_0237 0 0.8837 178 256 238 310
patient0060_0238 0 0.8816 179 256 238 311
patient0060_0239 0 0.8940 180 256 239 311
patient0060_0240 0 0.9003 180 255 240 311
patient0060_0241 0 0.8751 193 257 238 312
patient0060_0242 0 0.8584 196 256 238 312
patient0060_0243 0 0.8619 197 256 238 312
patient0060_0244 0 0.8432 205 256 238 313
patient0060_0245 0 0.8385 206 257 238 313
patient0060_0246 0 0.8045 207 258 238 312
patient0060_0247 0 0.7823 208 257 241 312
patient0060_0248 0 0.8325 208 255 246 311
patient0060_0249 0 0.8858 210 254 247 311
patient0060_0250 0 0.8560 210 255 247 310
patient0060_0251 0 0.8409 209 255 248 310
patient0060_0252 0 0.8004 208 254 247 310
patient0060_0253 0 0.7932 207 253 247 310
patient0060_0254 0 0.7796 207 249 245 310
patient0060_0255 0 0.7331 207 252 243 311
patient0060_0256 0 0.7392 205 256 244 311
patient0060_0257 0 0.7246 206 249 246 311
patient0060_0258 0 0.6602 206 250 245 311
patient0060_0259 0 0.5307 214 250 244 308
patient0060_0261 0 0.5462 221 250 242 271
patient0060_0262 0 0.5260 218 252 242 272
patient0060_0285 0 0.5089 207 265 241 308
patient0061_0125 0 0.5473 201 277 226 296
patient0061_0126 0 0.5338 209 274 225 290
patient0061_0143 0 0.5912 200 253 213 271
patient0061_0144 0 0.5429 198 253 212 271
patient0061_0149 0 0.7365 193 246 208 270
patient0061_0150 0 0.7754 188 242 209 272
patient0061_0151 0 0.8228 187 240 209 273
patient0061_0152 0 0.8545 187 237 210 274
patient0061_0153 0 0.8592 185 236 210 274
patient0061_0154 0 0.8463 185 236 211 275
patient0061_0155 0 0.8827 186 232 213 276
patient0061_0156 0 0.8948 184 228 214 276
patient0061_0157 0 0.8925 184 227 213 277
patient0061_0158 0 0.8884 182 228 214 277
patient0061_0159 0 0.8950 181 227 216 278
patient0061_0160 0 0.8821 182 226 218 279
patient0061_0161 0 0.8606 181 222 232 280
patient0061_0162 0 0.8553 181 221 238 281
patient0061_0163 0 0.8989 182 220 240 281
patient0061_0164 0 0.8909 180 217 241 282
patient0061_0165 0 0.8824 179 215 243 282
patient0061_0166 0 0.8762 179 212 245 282
patient0061_0167 0 0.9207 179 211 246 282
patient0061_0168 0 0.9320 178 211 246 283
patient0061_0169 0 0.9167 178 211 247 283
patient0061_0170 0 0.9107 178 211 247 283
patient0061_0171 0 0.9131 176 211 249 284
patient0061_0172 0 0.8970 176 211 249 285
patient0061_0173 0 0.9240 176 211 249 286
patient0061_0174 0 0.8794 174 211 250 286
patient0061_0175 0 0.8683 173 210 248 285
patient0061_0176 0 0.8630 174 209 249 285
patient0061_0177 0 0.8569 174 207 249 285
patient0061_0178 0 0.8718 173 207 250 285
patient0061_0179 0 0.8483 173 209 250 285
patient0061_0180 0 0.8209 172 209 251 286
patient0061_0181 0 0.8001 199 237 251 286
patient0061_0182 0 0.8264 197 237 251 287
patient0061_0183 0 0.8553 197 232 251 288
patient0061_0184 0 0.8562 195 229 252 288
patient0061_0185 0 0.8556 194 229 252 288
patient0061_0186 0 0.8517 194 229 252 287
patient0061_0187 0 0.8174 194 229 252 287
patient0061_0188 0 0.7683 195 230 251 287
patient0061_0189 0 0.6483 225 235 251 256
patient0061_0190 0 0.6808 225 236 250 255
patient0061_0191 0 0.6816 225 231 250 254
patient0061_0192 0 0.6921 224 235 250 254
patient0061_0193 0 0.6854 225 234 248 253
patient0061_0194 0 0.6884 226 235 246 252
patient0061_0195 0 0.7139 225 236 245 251
patient0061_0196 0 0.6666 226 237 244 250
patient0061_0198 0 0.5119 226 238 242 250
patient0062_0046 0 0.5479 176 311 208 355
patient0062_0047 0 0.5276 175 307 207 356
patient0062_0170 0 0.5151 190 292 250 365
patient0062_0207 0 0.5647 173 265 187 283
patient0062_0208 0 0.6764 172 263 189 284
patient0062_0209 0 0.7617 171 262 191 286
patient0062_0210 0 0.8101 171 259 193 286
patient0062_0211 0 0.8293 170 256 193 286
patient0062_0212 0 0.8395 169 256 194 288
patient0062_0213 0 0.8575 168 255 195 289
patient0062_0214 0 0.8541 168 255 195 289
patient0062_0215 0 0.8390 166 249 197 290
patient0062_0216 0 0.8847 165 242 209 290
patient0062_0217 0 0.9176 165 242 209 290
patient0062_0218 0 0.9207 165 242 210 290
patient0062_0219 0 0.9267 164 242 211 291
patient0062_0220 0 0.9217 163 243 211 291
patient0062_0221 0 0.9192 163 241 213 291
patient0062_0222 0 0.9217 162 241 213 291
patient0062_0223 0 0.8873 160 241 213 292
patient0062_0224 0 0.8178 163 243 212 291
patient0062_0225 0 0.8629 179 241 213 292
patient0062_0226 0 0.8507 183 240 213 293
patient0062_0227 0 0.8290 184 239 214 293
patient0062_0228 0 0.8091 184 239 214 293
patient0062_0229 0 0.8255 183 240 216 294
patient0062_0230 0 0.8287 182 240 220 293
patient0062_0231 0 0.8739 182 239 218 291
patient0062_0232 0 0.8831 182 238 218 291
patient0062_0233 0 0.8819 182 238 219 290
patient0062_0234 0 0.8630 181 239 219 290
patient0062_0235 0 0.8463 179 239 218 291
patient0062_0236 0 0.8028 178 239 218 291
patient0062_0237 0 0.6861 178 240 216 291
patient0062_0238 0 0.5836 179 240 216 290
patient0062_0239 0 0.5387 196 241 213 256
patient0062_0240 0 0.6194 196 241 211 254
patient0062_0241 0 0.6262 194 240 210 254
patient0062_0242 0 0.5438 194 241 209 253
patient0062_0249 0 0.6243 181 246 204 286
patient0062_0250 0 0.6420 181 248 201 286
patient0062_0251 0 0.7087 182 248 199 286
patient0062_0252 0 0.6824 182 256 206 285
patient0062_0253 0 0.6897 182 258 208 285
patient0062_0254 0 0.6894 181 258 207 285
patient0062_0255 0 0.5381 181 257 207 284
patient0063_0140 0 0.5085 289 300 311 323
patient0063_0188 0 0.5226 230 332 254 354
patient0063_0199 0 0.5102 221 325 237 344
patient0063_0200 0 0.5670 220 325 237 344
patient0063_0201 0 0.5364 221 325 237 344
patient0063_0204 0 0.5243 224 323 236 342
patient0063_0205 0 0.5816 223 323 236 342
patient0063_0206 0 0.5393 224 323 236 342
patient0063_0207 0 0.6088 224 323 236 343
patient0063_0208 0 0.6339 224 323 236 343
patient0063_0209 0 0.6967 224 323 236 343
patient0063_0210 0 0.6817 224 323 235 343
patient0063_0211 0 0.6978 224 323 235 343
patient0063_0212 0 0.6753 224 323 235 343
patient0063_0213 0 0.6355 223 324 235 344
patient0063_0214 0 0.6559 224 322 235 343
patient0063_0215 0 0.6604 224 321 235 342
patient0063_0216 0 0.7760 219 317 234 341
patient0063_0217 0 0.7851 217 315 234 343
patient0063_0218 0 0.8264 217 313 235 343
patient0063_0219 0 0.8261 216 313 236 343
patient0063_0220 0 0.8169 215 312 236 345
patient0063_0221 0 0.7947 216 311 237 346
patient0063_0222 0 0.8387 215 309 238 347
patient0063_0223 0 0.8386 216 308 239 347
patient0063_0224 0 0.8281 216 308 240 347
patient0063_0225 0 0.8328 215 308 241 349
patient0063_0226 0 0.8406 216 305 241 348
patient0063_0227 0 0.8320 216 304 241 349
patient0063_0228 0 0.8376 215 303 241 350
patient0063_0229 0 0.8126 215 305 242 351
patient0063_0230 0 0.8275 215 302 242 352
patient0063_0231 0 0.8411 213 301 243 352
patient0063_0232 0 0.8509 212 301 243 352
patient0063_0233 0 0.8277 212 300 243 353
patient0063_0234 0 0.8233 216 298 242 353
patient0063_0235 0 0.7993 216 296 243 354
patient0063_0236 0 0.8010 212 294 244 352
patient0063_0237 0 0.7914 213 294 245 353
patient0063_0238 0 0.8384 215 289 266 353
patient0063_0239 0 0.8637 215 291 267 353
patient0063_0240 0 0.8845 213 292 268 355
patient0063_0241 0 0.8905 212 287 269 355
patient0063_0242 0 0.8998 211 286 270 355
patient0063_0243 0 0.9023 210 285 271 355
patient0063_0244 0 0.8857 211 286 271 355
patient0063_0245 0 0.8926 211 286 272 355
patient0063_0246 0 0.8805 210 285 273 355
patient0063_0247 0 0.8792 209 284 273 356
patient0063_0248 0 0.8724 208 285 273 355
patient0063_0249 0 0.8824 208 286 274 355
patient0063_0250 0 0.8733 207 286 275 355
patient0063_0251 0 0.8706 207 287 274 355
patient0063_0252 0 0.8118 209 283 275 356
patient0063_0253 0 0.8808 227 300 276 357
patient0063_0254 0 0.8911 227 300 277 357
patient0063_0255 0 0.9055 225 302 277 357
patient0063_0256 0 0.9104 225 302 277 357
patient0063_0257 0 0.9103 224 302 277 357
patient0063_0258 0 0.9023 224 301 277 357
patient0063_0259 0 0.8986 224 301 277 357
patient0063_0260 0 0.8867 224 301 277 357
patient0063_0261 0 0.8751 223 301 277 357
patient0063_0262 0 0.8588 223 302 277 358
patient0063_0263 0 0.8224 223 302 276 358
patient0063_0264 0 0.7899 222 303 276 357
patient0063_0265 0 0.7689 222 304 275 356
patient0063_0266 0 0.7052 222 304 275 356
patient0063_0267 0 0.6829 250 305 275 327
patient0063_0268 0 0.6997 249 306 275 326
patient0063_0269 0 0.6840 249 307 275 326
patient0063_0270 0 0.6873 248 307 275 326
patient0063_0271 0 0.6719 248 307 274 325
patient0063_0272 0 0.6421 249 306 273 326
patient0063_0273 0 0.6187 249 306 273 325
patient0063_0274 0 0.6182 250 307 271 324
patient0063_0275 0 0.6203 252 307 270 323
patient0063_0276 0 0.6013 252 308 269 323
patient0063_0277 0 0.6101 253 307 269 321
patient0063_0278 0 0.6240 253 308 268 321
patient0063_0279 0 0.6149 253 309 267 321
patient0063_0280 0 0.6035 253 308 267 320
patient0063_0281 0 0.6006 253 308 267 321
patient0063_0282 0 0.6252 231 307 266 353
patient0063_0283 0 0.6384 232 308 264 353
patient0063_0284 0 0.6263 232 309 263 353
patient0063_0285 0 0.5044 232 307 264 353
patient0064_0148 0 0.5778 265 302 298 336
patient0064_0149 0 0.5967 264 301 296 336
patient0064_0150 0 0.5269 264 302 291 336
patient0064_0218 0 0.5243 207 311 221 328
patient0064_0219 0 0.5307 208 311 221 328
patient0064_0230 0 0.5922 207 304 220 328
patient0064_0231 0 0.6610 202 303 218 326
patient0064_0232 0 0.7544 200 300 219 325
patient0064_0233 0 0.7470 200 298 219 326
patient0064_0234 0 0.8020 202 295 221 328
patient0064_0235 0 0.8301 199 296 220 329
patient0064_0236 0 0.8115 197 295 220 330
patient0064_0237 0 0.8257 196 292 220 330
patient0064_0238 0 0.8129 194 291 221 331
patient0064_0239 0 0.8370 195 291 221 330
patient0064_0240 0 0.8280 193 289 221 330
patient0064_0241 0 0.8535 190 276 240 333
patient0064_0242 0 0.8605 190 275 242 334
patient0064_0243 0 0.8711 189 277 243 334
patient0064_0244 0 0.9213 189 277 243 334
patient0064_0245 0 0.9330 188 276 244 334
patient0064_0246 0 0.9300 188 277 244 334
patient0064_0247 0 0.9254 188 276 245 334
patient0064_0248 0 0.9205 188 276 246 334
patient0064_0249 0 0.9047 188 276 247 334
patient0064_0250 0 0.8985 187 277 247 334
patient0064_0251 0 0.8956 185 275 248 334
patient0064_0252 0 0.8876 185 275 249 334
patient0064_0253 0 0.8719 183 278 251 335
patient0064_0254 0 0.8601 184 275 249 334
patient0064_0255 0 0.8719 183 278 251 335
patient0064_0256 0 0.8674 181 278 251 335
patient0064_0257 0 0.7026 212 280 251 334
patient0064_0258 0 0.7168 210 280 251 334
patient0064_0259 0 0.7756 208 280 251 334
patient0064_0260 0 0.8241 208 279 251 335
patient0064_0261 0 0.8547 205 279 250 336
patient0064_0262 0 0.8595 204 279 250 336
patient0064_0263 0 0.8440 205 279 250 336
patient0064_0264 0 0.8355 210 280 251 334
patient0064_0265 0 0.8651 212 280 250 337
patient0064_0266 0 0.8720 214 279 251 337
patient0064_0267 0 0.8572 216 279 251 337
patient0064_0268 0 0.8446 215 278 250 336
patient0064_0269 0 0.8530 214 279 249 336
patient0064_0270 0 0.8653 214 279 249 337
patient0064_0271 0 0.8710 214 278 249 337
patient0064_0272 0 0.8688 214 277 249 337
patient0064_0273 0 0.8616 214 277 249 337
patient0064_0274 0 0.8580 214 277 249 337
patient0064_0275 0 0.8540 214 277 252 337
patient0064_0276 0 0.8788 213 277 257 337
patient0064_0277 0 0.8799 213 276 256 337
patient0064_0278 0 0.8740 212 276 255 337
patient0064_0279 0 0.8694 212 275 255 337
patient0064_0280 0 0.8833 212 274 254 337
patient0064_0281 0 0.8830 212 275 253 337
patient0064_0282 0 0.8828 211 275 252 336
patient0064_0283 0 0.8823 210 275 252 336
patient0064_0284 0 0.8448 208 276 250 335
patient0064_0285 0 0.8365 208 276 250 335
patient0064_0286 0 0.8181 208 275 250 335
patient0064_0287 0 0.7174 207 274 249 334
patient0064_0288 0 0.5587 208 274 247 333
patient0064_0289 0 0.5517 231 272 247 287
patient0064_0290 0 0.5923 230 271 246 286
patient0064_0291 0 0.6361 207 272 247 332
patient0064_0292 0 0.6208 206 271 247 331
patient0064_0293 0 0.5665 230 272 243 284
patient0064_0294 0 0.6257 230 272 242 283
patient0064_0295 0 0.6463 229 273 240 283
patient0064_0296 0 0.6500 228 273 239 283
patient0064_0297 0 0.6343 228 272 239 282
patient0064_0298 0 0.5523 227 271 239 282
patient0064_0299 0 0.5298 225 270 238 282
patient0064_0300 0 0.5787 224 270 237 282
patient0064_0301 0 0.6278 223 271 236 282
patient0064_0302 0 0.5687 223 270 235 281
patient0065_0166 0 0.5089 196 242 217 265
patient0065_0167 0 0.6542 200 239 222 261
patient0065_0168 0 0.7237 199 238 221 262
patient0065_0169 0 0.7286 198 237 222 262
patient0065_0170 0 0.7234 196 235 224 264
patient0065_0171 0 0.7278 195 236 223 264
patient0065_0172 0 0.7608 193 220 225 265
patient0065_0173 0 0.8134 191 216 228 265
patient0065_0174 0 0.8388 191 214 229 265
patient0065_0175 0 0.8042 189 213 238 265
patient0065_0176 0 0.7945 187 216 227 265
patient0065_0177 0 0.8634 187 212 239 267
patient0065_0178 0 0.8906 186 211 239 268
patient0065_0179 0 0.9062 185 210 239 269
patient0065_0180 0 0.9111 185 209 241 269
patient0065_0181 0 0.9098 184 209 241 269
patient0065_0182 0 0.9059 184 209 241 270
patient0065_0183 0 0.8407 181 210 242 270
patient0065_0184 0 0.8233 180 210 241 270
patient0065_0185 0 0.8282 183 210 242 270
patient0065_0186 0 0.8152 179 209 241 271
patient0065_0187 0 0.8650 183 210 241 270
patient0065_0188 0 0.8482 198 210 241 272
patient0065_0189 0 0.8441 202 210 243 273
patient0065_0190 0 0.8448 205 210 244 273
patient0065_0191 0 0.8523 207 210 245 273
patient0065_0192 0 0.8301 208 209 248 273
patient0065_0193 0 0.8385 211 209 254 271
patient0065_0194 0 0.8657 210 211 256 273
patient0065_0195 0 0.8730 211 210 257 272
patient0065_0196 0 0.8734 210 211 256 272
patient0065_0197 0 0.8793 210 207 255 272
patient0065_0198 0 0.8617 209 210 255 273
patient0065_0199 0 0.8626 208 210 254 273
patient0065_0200 0 0.8514 208 206 251 272
patient0065_0201 0 0.8514 207 205 250 272
patient0065_0202 0 0.8450 206 206 247 273
patient0065_0203 0 0.7666 206 206 248 271
patient0065_0204 0 0.6552 206 204 249 271
patient0065_0205 0 0.6285 206 204 248 271
patient0065_0206 0 0.6381 227 206 245 227
patient0065_0207 0 0.6199 203 206 245 269
patient0065_0208 0 0.6162 227 209 241 223
patient0065_0209 0 0.6396 226 207 240 222
patient0065_0210 0 0.6540 225 206 242 224
patient0065_0211 0 0.6266 225 207 240 223
patient0065_0212 0 0.6366 224 207 239 223
patient0065_0213 0 0.6376 223 207 238 222
patient0065_0214 0 0.5935 223 208 236 220
patient0065_0215 0 0.5539 223 209 234 221
patient0065_0216 0 0.5093 223 211 234 221
patient0066_0153 0 0.5700 191 227 204 247
patient0066_0155 0 0.5194 189 228 207 248
patient0066_0157 0 0.5248 190 229 204 247
patient0066_0158 0 0.5308 190 229 204 246
patient0066_0159 0 0.5630 190 227 204 245
patient0066_0160 0 0.6495 187 224 205 246
patient0066_0161 0 0.6950 187 223 208 248
patient0066_0162 0 0.7575 186 221 208 248
patient0066_0163 0 0.7805 186 221 209 249
patient0066_0164 0 0.7728 186 220 208 249
patient0066_0165 0 0.7958 183 219 207 250
patient0066_0166 0 0.8093 182 218 208 251
patient0066_0167 0 0.8131 181 216 209 252
patient0066_0168 0 0.8299 180 215 209 252
patient0066_0169 0 0.8298 180 213 210 253
patient0066_0170 0 0.8492 177 213 209 254
patient0066_0171 0 0.8378 176 212 210 254
patient0066_0172 0 0.8258 177 209 212 253
patient0066_0173 0 0.8658 174 197 224 255
patient0066_0174 0 0.8737 174 194 225 254
patient0066_0175 0 0.9130 173 196 226 255
patient0066_0176 0 0.9204 172 195 227 255
patient0066_0177 0 0.9034 170 196 228 255
patient0066_0178 0 0.8921 170 196 228 256
patient0066_0179 0 0.8704 169 197 229 256
patient0066_0180 0 0.8878 168 196 230 256
patient0066_0181 0 0.8865 168 195 231 256
patient0066_0182 0 0.8743 166 196 232 258
patient0066_0183 0 0.8771 164 197 232 258
patient0066_0184 0 0.8863 163 197 232 258
patient0066_0185 0 0.8907 163 197 231 258
patient0066_0186 0 0.8899 162 198 232 258
patient0066_0187 0 0.8995 162 195 232 259
patient0066_0188 0 0.8914 162 193 232 259
patient0066_0189 0 0.8917 161 193 233 260
patient0066_0190 0 0.8262 161 196 237 261
patient0066_0191 0 0.8111 193 195 245 261
patient0066_0192 0 0.8825 199 195 246 260
patient0066_0193 0 0.8910 199 195 246 260
patient0066_0194 0 0.8720 201 195 246 260
patient0066_0195 0 0.8890 198 196 248 261
patient0066_0196 0 0.8996 197 197 246 261
patient0066_0197 0 0.8941 196 196 246 261
patient0066_0198 0 0.8883 195 195 247 261
patient0066_0199 0 0.8713 194 194 246 262
patient0066_0200 0 0.8538 193 196 244 262
patient0066_0201 0 0.8699 191 195 242 262
patient0066_0202 0 0.8408 191 195 243 262
patient0066_0203 0 0.8312 191 194 242 261
patient0066_0204 0 0.8187 191 194 240 261
patient0066_0205 0 0.7996 191 193 240 260
patient0066_0206 0 0.8104 190 193 239 260
patient0066_0207 0 0.7728 189 193 238 259
patient0066_0208 0 0.6662 215 193 239 217
patient0066_0209 0 0.6680 217 193 238 214
patient0066_0210 0 0.6632 217 193 237 216
patient0066_0211 0 0.6582 218 194 237 214
patient0066_0212 0 0.6682 217 194 235 213
patient0066_0213 0 0.6701 216 195 233 212
patient0066_0214 0 0.6672 216 196 233 211
patient0066_0215 0 0.6389 218 196 232 210
patient0066_0216 0 0.6023 218 196 232 210
patient0066_0217 0 0.5772 216 196 231 209
patient0066_0218 0 0.6140 215 196 228 209
patient0066_0219 0 0.5789 215 196 227 207
patient0066_0220 0 0.5443 214 196 226 207
patient0067_0118 0 0.6070 280 286 302 312
patient0067_0119 0 0.7606 279 285 300 313
patient0067_0120 0 0.7887 279 286 297 313
patient0067_0121 0 0.6485 277 285 293 315
patient0067_0144 0 0.5359 213 314 235 339
patient0067_0172 0 0.6288 190 304 210 323
patient0067_0173 0 0.6603 187 301 214 323
patient0067_0174 0 0.7845 185 297 214 324
patient0067_0175 0 0.7938 184 297 217 325
patient0067_0176 0 0.8018 183 295 217 325
patient0067_0177 0 0.8180 181 294 219 326
patient0067_0178 0 0.8434 179 293 218 326
patient0067_0179 0 0.8939 179 274 224 327
patient0067_0180 0 0.9044 178 273 225 327
patient0067_0181 0 0.9016 176 273 229 327
patient0067_0182 0 0.9091 176 272 233 327
patient0067_0183 0 0.9117 176 272 233 327
patient0067_0184 0 0.9174 175 272 233 328
patient0067_0185 0 0.9168 174 273 233 328
patient0067_0186 0 0.8920 172 274 235 328
patient0067_0187 0 0.8748 171 274 236 329
patient0067_0188 0 0.8698 170 273 237 329
patient0067_0189 0 0.8816 169 274 237 330
patient0067_0190 0 0.8467 170 274 237 330
patient0067_0191 0 0.8334 171 274 237 331
patient0067_0192 0 0.8443 167 274 238 332
patient0067_0193 0 0.7744 167 274 237 333
patient0067_0194 0 0.8096 194 274 237 333
patient0067_0195 0 0.8522 193 274 236 333
patient0067_0196 0 0.8499 207 274 238 334
patient0067_0197 0 0.8415 206 274 238 335
patient0067_0198 0 0.8602 206 273 237 335
patient0067_0199 0 0.8425 205 272 237 335
patient0067_0200 0 0.8324 205 273 242 336
patient0067_0201 0 0.8589 205 273 246 336
patient0067_0202 0 0.8237 204 271 247 336
patient0067_0203 0 0.8541 204 270 247 335
patient0067_0204 0 0.8391 204 271 246 334
patient0067_0205 0 0.8250 202 270 243 334
patient0067_0206 0 0.8357 201 267 242 333
patient0067_0207 0 0.8140 200 269 241 334
patient0067_0208 0 0.7838 197 266 240 335
patient0067_0209 0 0.7662 197 267 242 333
patient0067_0210 0 0.6462 195 267 242 333
patient0067_0212 0 0.6765 194 267 238 334
patient0067_0213 0 0.5242 212 269 237 284
patient0067_0214 0 0.5291 208 271 235 284
patient0067_0215 0 0.5618 212 271 231 283
patient0067_0216 0 0.6130 211 269 232 284
patient0067_0217 0 0.5828 212 269 232 284
patient0067_0218 0 0.5308 215 269 230 283
patient0067_0219 0 0.5803 214 270 230 282
patient0067_0220 0 0.5576 214 271 227 281
patient0067_0230 0 0.5669 192 275 225 325
patient0068_0010 0 0.5081 157 286 191 330
patient0068_0013 0 0.5248 156 289 190 330
patient0068_0038 0 0.5419 309 399 345 435
patient0068_0039 0 0.5238 311 399 345 433
patient0068_0040 0 0.5768 307 403 346 429
patient0068_0139 0 0.5060 185 252 241 320
patient0068_0140 0 0.5125 185 258 251 320
patient0068_0141 0 0.5399 186 257 248 320
patient0068_0142 0 0.5928 188 259 249 320
patient0068_0151 0 0.5027 181 264 193 278
patient0068_0157 0 0.5417 171 262 186 279
patient0068_0158 0 0.5643 169 264 187 281
patient0068_0159 0 0.5450 168 263 185 281
patient0068_0161 0 0.5020 173 265 190 283
patient0068_0162 0 0.5291 172 264 188 282
patient0068_0163 0 0.6028 173 264 188 282
patient0068_0164 0 0.6558 171 262 190 284
patient0068_0165 0 0.7675 168 261 191 286
patient0068_0166 0 0.7926 169 261 194 289
patient0068_0167 0 0.8280 168 260 195 290
patient0068_0168 0 0.8222 167 259 195 290
patient0068_0169 0 0.8200 166 257 197 289
patient0068_0170 0 0.8293 165 256 198 289
patient0068_0171 0 0.8439 163 255 194 287
patient0068_0172 0 0.8127 162 248 201 288
patient0068_0173 0 0.8793 160 235 208 288
patient0068_0174 0 0.8786 158 236 208 287
patient0068_0175 0 0.8709 157 235 210 288
patient0068_0176 0 0.8836 156 235 210 290
patient0068_0177 0 0.8812 156 234 211 290
patient0068_0178 0 0.8734 155 234 211 291
patient0068_0179 0 0.8640 155 233 211 289
patient0068_0180 0 0.8628 155 234 212 289
patient0068_0181 0 0.8503 153 235 212 292
patient0068_0182 0 0.8658 153 235 213 293
patient0068_0183 0 0.8626 153 235 213 293
patient0068_0184 0 0.8831 154 235 213 290
patient0068_0185 0 0.8794 155 234 213 291
patient0068_0186 0 0.8902 172 234 213 293
patient0068_0187 0 0.8707 175 235 215 293
patient0068_0188 0 0.8729 178 235 218 294
patient0068_0189 0 0.8303 187 234 222 295
patient0068_0190 0 0.8966 187 234 224 295
patient0068_0191 0 0.9087 187 234 224 295
patient0068_0192 0 0.9222 187 233 224 295
patient0068_0193 0 0.9163 186 232 223 295
patient0068_0194 0 0.8645 184 232 221 296
patient0068_0195 0 0.8654 183 230 221 294
patient0068_0196 0 0.8705 182 231 219 292
patient0068_0197 0 0.8829 181 231 219 292
patient0068_0198 0 0.8353 180 230 219 292
patient0068_0199 0 0.7489 180 230 219 292
patient0068_0200 0 0.6600 179 230 218 292
patient0068_0201 0 0.6584 192 232 217 252
patient0068_0202 0 0.6892 192 232 216 251
patient0068_0203 0 0.6607 192 232 214 250
patient0068_0204 0 0.6260 192 233 211 248
patient0068_0205 0 0.6069 191 232 210 248
patient0068_0206 0 0.6042 190 233 209 247
patient0068_0207 0 0.5822 191 233 207 246
patient0068_0208 0 0.5406 191 233 207 246
patient0069_0032 0 0.5092 0 281 33 363
patient0069_0033 0 0.5733 0 281 33 363
patient0069_0149 0 0.5130 231 276 255 300
patient0069_0150 0 0.5945 232 273 255 291
patient0069_0170 0 0.5330 224 239 231 270
patient0069_0173 0 0.7138 215 224 230 259
patient0069_0174 0 0.7345 217 222 230 260
patient0069_0175 0 0.8138 215 219 231 264
patient0069_0176 0 0.8055 213 216 232 261
patient0069_0177 0 0.8753 213 199 261 267
patient0069_0178 0 0.9183 214 200 262 267
patient0069_0179 0 0.8973 214 203 264 268
patient0069_0180 0 0.8991 212 202 267 269
patient0069_0181 0 0.8813 213 200 269 269
patient0069_0182 0 0.8948 212 202 270 269
patient0069_0183 0 0.9070 211 200 272 270
patient0069_0184 0 0.9184 210 199 272 271
patient0069_0185 0 0.9213 209 199 272 272
patient0069_0186 0 0.9101 208 199 273 273
patient0069_0187 0 0.9098 208 200 275 273
patient0069_0188 0 0.9024 210 200 275 274
patient0069_0189 0 0.8873 209 199 275 273
patient0069_0190 0 0.8764 210 199 275 273
patient0069_0191 0 0.8409 209 196 275 272
patient0069_0192 0 0.8505 224 216 275 273
patient0069_0193 0 0.8611 225 216 275 272
patient0069_0194 0 0.8812 227 213 275 271
patient0069_0195 0 0.8960 228 212 275 271
patient0069_0196 0 0.8721 227 211 276 271
patient0069_0197 0 0.8447 228 213 276 272
patient0069_0198 0 0.8507 230 213 277 272
patient0069_0199 0 0.8483 230 213 277 272
patient0069_0200 0 0.8604 230 211 278 272
patient0069_0201 0 0.8496 229 209 279 272
patient0069_0202 0 0.8419 230 210 280 272
patient0069_0203 0 0.8200 230 209 283 271
patient0069_0204 0 0.8118 229 209 282 271
patient0069_0205 0 0.8234 231 206 283 271
patient0069_0206 0 0.8280 231 204 283 271
patient0069_0207 0 0.8461 231 203 283 271
patient0069_0208 0 0.8626 232 204 281 271
patient0069_0209 0 0.8058 231 204 281 271
patient0069_0210 0 0.8119 228 204 281 269
patient0069_0211 0 0.8429 228 204 278 269
patient0069_0212 0 0.8311 227 204 278 268
patient0069_0213 0 0.7975 228 206 275 268
patient0069_0214 0 0.6942 227 203 276 267
patient0069_0215 0 0.6833 228 205 271 266
patient0069_0216 0 0.5708 227 202 272 266
patient0069_0217 0 0.5766 263 202 273 215
patient0069_0218 0 0.5866 262 201 272 215
patient0070_0217 0 0.5976 263 309 273 336
patient0070_0218 0 0.6278 260 310 273 336
patient0070_0219 0 0.5981 255 310 272 336
patient0070_0220 0 0.7055 254 306 272 333
patient0070_0221 0 0.7505 250 302 272 330
patient0070_0222 0 0.7808 249 297 273 331
patient0070_0223 0 0.8069 248 298 274 331
patient0070_0224 0 0.8297 244 295 272 332
patient0070_0225 0 0.8225 246 294 273 331
patient0070_0226 0 0.8414 245 293 273 332
patient0070_0227 0 0.8585 240 280 276 334
patient0070_0228 0 0.8772 239 280 276 334
patient0070_0229 0 0.9061 239 281 277 334
patient0070_0230 0 0.9209 238 281 279 336
patient0070_0231 0 0.9231 236 280 279 336
patient0070_0232 0 0.9190 235 280 280 335
patient0070_0233 0 0.9166 234 279 282 335
patient0070_0234 0 0.9224 233 280 283 336
patient0070_0235 0 0.9251 232 280 284 336
patient0070_0236 0 0.8514 232 280 284 337
patient0070_0237 0 0.8282 235 281 285 336
patient0070_0238 0 0.7357 262 280 287 335
patient0070_0239 0 0.7970 256 280 287 337
patient0070_0240 0 0.8395 247 281 287 336
patient0070_0241 0 0.8577 247 281 288 336
patient0070_0242 0 0.8291 257 279 288 336
patient0070_0243 0 0.8365 257 280 288 336
patient0070_0244 0 0.8417 251 281 288 336
patient0070_0245 0 0.8423 254 280 288 336
patient0070_0246 0 0.8836 254 280 287 336
patient0070_0247 0 0.8814 256 280 288 336
patient0070_0248 0 0.8462 257 279 288 336
patient0070_0249 0 0.8387 258 278 288 336
patient0070_0250 0 0.8381 258 279 287 335
patient0070_0251 0 0.8351 259 279 286 335
patient0070_0252 0 0.8149 261 278 286 335
patient0070_0253 0 0.8363 260 279 287 334
patient0070_0254 0 0.8421 262 278 287 334
patient0070_0255 0 0.8398 262 279 287 334
patient0070_0256 0 0.8180 263 278 287 334
patient0070_0257 0 0.8116 262 277 287 333
patient0070_0258 0 0.8153 262 277 287 333
patient0070_0259 0 0.8243 262 277 287 333
patient0070_0260 0 0.8144 262 277 290 333
patient0070_0261 0 0.8507 261 276 291 333
patient0070_0262 0 0.8902 261 276 293 332
patient0070_0263 0 0.8688 260 276 295 332
patient0070_0264 0 0.8679 259 275 297 332
patient0070_0265 0 0.8776 259 275 295 331
patient0070_0266 0 0.8632 257 274 292 330
patient0070_0267 0 0.8328 256 275 290 330
patient0070_0268 0 0.8063 256 275 291 329
patient0070_0269 0 0.7765 256 273 290 329
patient0070_0270 0 0.7526 254 272 291 328
patient0070_0271 0 0.6227 254 273 289 328
patient0070_0291 0 0.6622 248 279 269 319
patient0070_0292 0 0.7526 247 279 269 319
patient0070_0293 0 0.7229 249 280 269 317
patient0070_0294 0 0.6873 249 281 270 316
patient0070_0295 0 0.6176 250 282 270 314
patient0070_0296 0 0.6445 252 282 272 314
patient0070_0297 0 0.5622 253 283 272 313
patient0070_0298 0 0.6071 252 283 273 312
patient0070_0299 0 0.5867 252 283 272 311
patient0070_0300 0 0.6576 251 285 272 310
patient0070_0301 0 0.5931 250 287 272 310
patient0071_0115 0 0.5017 255 252 278 299
patient0071_0116 0 0.5379 255 245 292 298
patient0071_0117 0 0.7117 255 242 293 294
patient0071_0118 0 0.6634 255 243 292 294
patient0071_0119 0 0.7028 252 242 290 299
patient0071_0120 0 0.7533 251 241 290 298
patient0071_0121 0 0.7871 251 243 288 296
patient0071_0122 0 0.8107 250 242 285 302
patient0071_0123 0 0.7755 251 243 286 298
patient0071_0124 0 0.7965 250 239 285 299
patient0071_0125 0 0.7488 249 232 283 300
patient0071_0126 0 0.7921 250 248 281 302
patient0071_0127 0 0.7618 249 249 281 301
patient0071_0128 0 0.6389 248 251 280 292
patient0071_0129 0 0.6132 247 252 283 295
patient0071_0130 0 0.5989 246 252 279 292
patient0071_0131 0 0.6226 243 251 276 290
patient0071_0132 0 0.6819 239 252 275 300
patient0071_0133 0 0.7119 238 252 273 294
patient0071_0134 0 0.5748 236 253 270 276
patient0071_0135 0 0.5136 238 244 270 270
patient0071_0136 0 0.5277 236 247 279 302
patient0071_0137 0 0.5415 237 248 280 304
patient0071_0138 0 0.6132 237 245 277 304
patient0071_0165 0 0.5730 194 263 258 346
patient0071_0166 0 0.5315 194 261 258 346
patient0071_0181 0 0.5239 189 268 200 284
patient0071_0182 0 0.5665 189 268 200 284
patient0071_0183 0 0.5389 189 269 200 285
patient0071_0184 0 0.5302 188 269 199 285
patient0071_0197 0 0.7339 185 261 199 287
patient0071_0198 0 0.8527 183 259 200 287
patient0071_0199 0 0.8836 184 257 201 288
patient0071_0200 0 0.8854 183 256 202 289
patient0071_0201 0 0.8739 183 254 203 290
patient0071_0202 0 0.8653 182 252 205 291
patient0071_0203 0 0.8481 183 250 206 291
patient0071_0204 0 0.8327 183 249 207 292
patient0071_0205 0 0.8446 182 249 206 295
patient0071_0206 0 0.8778 182 238 231 295
patient0071_0207 0 0.8866 182 237 231 296
patient0071_0208 0 0.9007 183 236 232 296
patient0071_0209 0 0.9052 183 236 232 296
patient0071_0210 0 0.9074 183 234 234 296
patient0071_0211 0 0.8910 180 236 234 298
patient0071_0212 0 0.8985 181 237 236 297
patient0071_0213 0 0.9008 181 237 237 297
patient0071_0214 0 0.9184 181 236 236 297
patient0071_0215 0 0.9258 180 235 237 298
patient0071_0216 0 0.9328 179 236 237 298
patient0071_0217 0 0.9351 178 234 237 299
patient0071_0218 0 0.9395 178 233 238 300
patient0071_0219 0 0.9258 178 233 239 300
patient0071_0220 0 0.9100 181 238 240 300
patient0071_0221 0 0.8857 197 247 241 300
patient0071_0222 0 0.8791 198 248 241 300
patient0071_0223 0 0.8853 199 247 242 299
patient0071_0224 0 0.9065 199 247 243 299
patient0071_0225 0 0.9150 199 246 243 299
patient0071_0226 0 0.9130 198 245 243 298
patient0071_0227 0 0.9139 195 247 243 300
patient0071_0228 0 0.9084 195 246 243 299
patient0071_0229 0 0.9082 196 247 244 296
patient0071_0230 0 0.9069 197 247 243 296
patient0071_0231 0 0.8571 197 246 243 295
patient0071_0232 0 0.7835 195 246 243 297
patient0071_0233 0 0.7481 194 246 243 297
patient0071_0234 0 0.6862 224 245 243 262
patient0071_0235 0 0.7190 225 246 242 261
patient0071_0236 0 0.6916 226 246 241 260
patient0071_0237 0 0.5907 225 247 239 259
patient0071_0238 0 0.6258 227 247 238 258
patient0071_0239 0 0.6522 227 247 238 257
patient0071_0240 0 0.6260 227 247 238 257
patient0071_0241 0 0.5189 227 246 237 256
patient0072_0155 0 0.6713 230 301 296 379
patient0072_0156 0 0.5588 230 300 296 379
patient0072_0173 0 0.5478 222 274 233 299
patient0072_0174 0 0.6066 222 274 235 298
patient0072_0175 0 0.6553 220 270 236 297
patient0072_0176 0 0.7642 217 268 237 298
patient0072_0177 0 0.7938 216 266 238 300
patient0072_0178 0 0.7938 215 262 238 302
patient0072_0179 0 0.9153 213 250 266 305
patient0072_0180 0 0.9073 212 250 267 306
patient0072_0181 0 0.8632 212 250 268 306
patient0072_0182 0 0.8726 213 248 269 306
patient0072_0183 0 0.8863 214 248 269 307
patient0072_0184 0 0.8898 212 249 269 308
patient0072_0185 0 0.8762 211 249 270 308
patient0072_0186 0 0.8926 209 249 272 308
patient0072_0187 0 0.9020 209 249 272 309
patient0072_0188 0 0.9117 209 247 273 310
patient0072_0189 0 0.9059 208 248 273 310
patient0072_0190 0 0.8888 205 249 273 310
patient0072_0191 0 0.8977 204 249 273 310
patient0072_0192 0 0.8892 204 249 274 311
patient0072_0193 0 0.8817 204 247 275 311
patient0072_0194 0 0.8798 204 246 275 311
patient0072_0195 0 0.8681 204 247 275 311
patient0072_0196 0 0.8623 232 249 274 311
patient0072_0197 0 0.8610 230 251 274 312
patient0072_0198 0 0.8670 230 251 274 312
patient0072_0199 0 0.8875 232 250 274 311
patient0072_0200 0 0.8693 231 251 274 312
patient0072_0201 0 0.8913 232 251 274 312
patient0072_0202 0 0.8777 231 251 278 311
patient0072_0203 0 0.8798 231 250 278 311
patient0072_0204 0 0.8847 230 251 280 311
patient0072_0205 0 0.8989 229 252 280 311
patient0072_0206 0 0.8808 230 249 280 310
patient0072_0207 0 0.8453 229 249 280 310
patient0072_0208 0 0.8604 230 248 278 310
patient0072_0209 0 0.8133 229 249 278 309
patient0072_0210 0 0.7173 227 248 278 309
patient0072_0211 0 0.8235 227 250 277 307
patient0072_0212 0 0.8680 227 250 276 307
patient0072_0213 0 0.8714 226 250 275 307
patient0072_0214 0 0.7931 224 250 274 307
patient0072_0215 0 0.5768 225 248 271 307
patient0072_0216 0 0.6209 250 248 270 266
patient0072_0217 0 0.6003 252 249 265 265
patient0072_0218 0 0.6392 251 247 265 263
patient0072_0219 0 0.6539 252 249 264 263
patient0072_0220 0 0.6556 250 247 263 262
patient0072_0221 0 0.6135 249 247 262 262
patient0072_0222 0 0.5816 248 248 262 262
patient0072_0223 0 0.6326 248 248 262 262
patient0072_0224 0 0.6254 248 249 259 261
patient0072_0225 0 0.5682 247 250 257 259
patient0073_0119 0 0.6029 236 291 275 332
patient0073_0149 0 0.5576 208 259 220 281
patient0073_0150 0 0.5609 207 260 220 281
patient0073_0151 0 0.7582 201 257 225 283
patient0073_0152 0 0.8291 201 253 225 286
patient0073_0153 0 0.8837 199 252 226 287
patient0073_0154 0 0.8972 199 250 227 289
patient0073_0155 0 0.8753 200 250 227 289
patient0073_0156 0 0.8601 201 249 227 290
patient0073_0157 0 0.8519 200 248 228 290
patient0073_0158 0 0.8610 200 246 228 290
patient0073_0159 0 0.8575 199 245 228 290
patient0073_0160 0 0.8475 198 243 228 291
patient0073_0161 0 0.8396 198 242 228 291
patient0073_0162 0 0.8303 198 242 229 291
patient0073_0163 0 0.8221 197 241 229 292
patient0073_0164 0 0.8263 194 241 229 293
patient0073_0165 0 0.8523 193 232 246 294
patient0073_0166 0 0.9205 193 230 246 293
patient0073_0167 0 0.9251 193 230 246 293
patient0073_0168 0 0.9157 192 230 246 295
patient0073_0169 0 0.9182 190 230 247 295
patient0073_0170 0 0.9139 189 230 248 296
patient0073_0171 0 0.9133 190 230 250 294
patient0073_0172 0 0.9069 187 231 250 294
patient0073_0173 0 0.8989 188 230 250 296
patient0073_0174 0 0.8851 189 229 250 295
patient0073_0175 0 0.8875 196 229 251 295
patient0073_0176 0 0.8684 199 230 251 295
patient0073_0177 0 0.8762 204 231 252 295
patient0073_0178 0 0.9210 207 232 251 296
patient0073_0179 0 0.8972 214 232 251 296
patient0073_0180 0 0.8847 218 232 252 296
patient0073_0181 0 0.8919 218 233 251 296
patient0073_0182 0 0.8883 217 232 251 297
patient0073_0183 0 0.8825 216 232 251 297
patient0073_0184 0 0.8815 215 233 251 298
patient0073_0185 0 0.8759 214 234 253 298
patient0073_0186 0 0.8933 212 233 257 298
patient0073_0187 0 0.8792 212 232 257 297
patient0073_0188 0 0.8861 209 234 261 298
patient0073_0189 0 0.8690 208 235 260 298
patient0073_0190 0 0.8010 208 232 260 297
patient0073_0191 0 0.7687 232 234 259 275
patient0073_0192 0 0.8126 229 233 258 275
patient0073_0193 0 0.8302 228 232 258 273
patient0073_0194 0 0.7820 230 231 258 265
patient0073_0195 0 0.7641 230 233 256 263
patient0073_0196 0 0.7274 229 232 255 262
patient0073_0197 0 0.6732 228 232 255 260
patient0073_0198 0 0.5690 232 233 255 259
patient0073_0199 0 0.6216 232 232 254 257
patient0073_0200 0 0.7067 230 232 252 255
patient0073_0201 0 0.7184 229 233 252 254
patient0073_0202 0 0.7377 229 234 252 254
patient0073_0203 0 0.6513 229 235 250 254
patient0073_0204 0 0.6336 230 235 249 252
patient0073_0205 0 0.6311 230 235 247 251
patient0073_0206 0 0.6213 230 235 246 250
patient0073_0207 0 0.6203 230 234 245 249
patient0073_0208 0 0.6231 229 234 243 249
patient0073_0209 0 0.6250 228 236 241 248
patient0073_0210 0 0.5725 228 237 239 248
patient0074_0127 0 0.5330 217 286 253 311
patient0074_0128 0 0.5484 216 288 252 310
patient0074_0129 0 0.5243 216 287 252 309
patient0074_0140 0 0.5928 207 274 216 297
patient0074_0141 0 0.6293 205 272 215 297
patient0074_0142 0 0.6878 206 273 215 297
patient0074_0143 0 0.6650 206 275 216 297
patient0074_0144 0 0.6470 207 275 216 298
patient0074_0145 0 0.6781 207 274 217 298
patient0074_0146 0 0.7389 204 272 218 296
patient0074_0147 0 0.7299 202 270 219 296
patient0074_0148 0 0.7130 201 269 219 297
patient0074_0149 0 0.8855 200 255 243 299
patient0074_0150 0 0.9017 200 255 244 300
patient0074_0151 0 0.9153 200 256 244 302
patient0074_0152 0 0.9206 198 253 244 302
patient0074_0153 0 0.9159 198 253 245 303
patient0074_0154 0 0.9234 197 253 246 304
patient0074_0155 0 0.9130 197 253 245 304
patient0074_0156 0 0.9110 195 253 245 304
patient0074_0157 0 0.9078 194 253 246 304
patient0074_0158 0 0.9108 193 253 247 305
patient0074_0159 0 0.9070 192 253 247 306
patient0074_0160 0 0.9023 191 253 247 306
patient0074_0161 0 0.8024 191 256 248 305
patient0074_0162 0 0.8289 209 255 247 306
patient0074_0163 0 0.8488 211 258 247 307
patient0074_0164 0 0.8689 212 259 247 306
patient0074_0165 0 0.8793 212 258 247 306
patient0074_0166 0 0.8697 212 258 247 306
patient0074_0167 0 0.8455 210 258 247 307
patient0074_0168 0 0.8482 211 258 248 307
patient0074_0169 0 0.8393 213 257 249 307
patient0074_0170 0 0.8311 213 256 248 307
patient0074_0171 0 0.8030 214 259 247 305
patient0074_0172 0 0.8101 212 250 248 307
patient0074_0173 0 0.7901 213 252 250 307
patient0074_0174 0 0.8030 214 252 253 307
patient0074_0175 0 0.8218 213 251 254 307
patient0074_0176 0 0.8208 214 252 253 306
patient0074_0177 0 0.8235 214 253 254 306
patient0074_0178 0 0.8284 215 253 252 305
patient0074_0179 0 0.8518 215 253 250 305
patient0074_0180 0 0.8366 214 250 250 304
patient0074_0181 0 0.8338 214 250 249 304
patient0074_0182 0 0.8239 214 250 250 303
patient0074_0183 0 0.7872 214 251 249 302
patient0074_0184 0 0.7161 216 251 249 300
patient0074_0186 0 0.5059 235 250 247 262
patient0074_0190 0 0.5415 233 248 245 259
patient0074_0191 0 0.5250 232 246 244 260
patient0074_0192 0 0.6066 231 246 242 260
patient0074_0193 0 0.5677 231 246 241 261
patient0075_0135 0 0.5049 264 282 313 327
patient0075_0136 0 0.6291 262 278 314 330
patient0075_0137 0 0.5374 260 272 312 332
patient0075_0148 0 0.6328 251 304 280 346
patient0075_0149 0 0.5872 254 297 282 351
patient0075_0162 0 0.5542 222 305 239 319
patient0075_0163 0 0.5481 222 305 238 319
patient0075_0164 0 0.5360 223 304 237 318
patient0075_0174 0 0.6556 212 279 229 308
patient0075_0175 0 0.7152 213 279 228 307
patient0075_0176 0 0.7134 212 275 227 307
patient0075_0177 0 0.7504 214 272 228 309
patient0075_0178 0 0.7392 212 270 228 308
patient0075_0179 0 0.7529 212 268 228 309
patient0075_0180 0 0.7343 212 268 228 311
patient0075_0181 0 0.7458 211 266 229 311
patient0075_0182 0 0.7381 212 266 230 313
patient0075_0183 0 0.7750 209 259 234 313
patient0075_0184 0 0.8057 207 256 243 314
patient0075_0185 0 0.8405 206 256 242 314
patient0075_0186 0 0.8737 205 254 245 314
patient0075_0187 0 0.8900 204 254 246 314
patient0075_0188 0 0.8859 203 254 247 314
patient0075_0189 0 0.8647 201 253 248 314
patient0075_0190 0 0.8595 201 254 251 314
patient0075_0191 0 0.8221 201 253 249 315
patient0075_0192 0 0.8282 202 257 249 314
patient0075_0193 0 0.7866 204 261 252 314
patient0075_0194 0 0.8383 216 269 252 314
patient0075_0195 0 0.8430 215 270 252 313
patient0075_0196 0 0.8509 214 270 253 313
patient0075_0197 0 0.8590 215 270 253 313
patient0075_0198 0 0.8464 214 271 253 313
patient0075_0199 0 0.8331 215 274 254 313
patient0075_0200 0 0.8251 213 274 254 314
patient0075_0201 0 0.8267 213 274 255 313
patient0075_0202 0 0.8313 213 274 256 313
patient0075_0203 0 0.8171 210 274 255 313
patient0075_0204 0 0.8164 211 274 255 313
patient0075_0205 0 0.8484 211 274 254 311
patient0075_0206 0 0.8658 211 274 254 310
patient0075_0207 0 0.8374 209 273 254 310
patient0075_0208 0 0.8268 209 272 255 310
patient0075_0209 0 0.7493 231 271 256 308
patient0075_0210 0 0.7997 228 269 256 307
patient0075_0211 0 0.8003 229 266 257 307
patient0075_0212 0 0.7111 231 265 256 303
patient0075_0213 0 0.7318 232 265 256 303
patient0075_0214 0 0.7598 229 268 255 303
patient0075_0215 0 0.7773 229 269 257 304
patient0075_0216 0 0.7375 230 269 256 304
patient0075_0217 0 0.7072 230 269 255 302
patient0075_0218 0 0.6452 233 268 253 296
patient0075_0219 0 0.5517 235 267 251 288
patient0075_0220 0 0.5182 238 268 253 295
patient0075_0221 0 0.5333 238 270 251 285
patient0075_0222 0 0.5615 239 270 250 283
patient0075_0223 0 0.6090 237 267 247 281
patient0075_0224 0 0.6093 235 266 247 281
patient0075_0225 0 0.5490 234 265 246 279
patient0075_0227 0 0.6095 232 266 243 280
patient0075_0228 0 0.5252 230 267 240 278
patient0076_0108 0 0.5092 189 335 235 386
patient0076_0179 0 0.5305 227 309 260 347
patient0076_0180 0 0.6451 203 309 262 382
patient0076_0181 0 0.7748 206 310 262 363
patient0076_0182 0 0.8107 207 311 262 371
patient0076_0183 0 0.7886 208 310 262 369
patient0076_0184 0 0.7772 208 310 263 375
patient0076_0185 0 0.7954 209 310 266 380
patient0076_0186 0 0.8098 210 309 266 380
