patient0076_0187 0 0.7806 209 309 267 377
patient0076_0188 0 0.7793 205 309 268 379
patient0076_0189 0 0.6900 206 308 266 379
patient0076_0201 0 0.5678 189 278 206 303
patient0076_0202 0 0.6685 187 277 205 303
patient0076_0203 0 0.6245 187 276 205 303
patient0076_0204 0 0.5667 188 276 205 304
patient0076_0205 0 0.5434 191 280 205 303
patient0076_0206 0 0.5010 188 277 207 303
patient0076_0207 0 0.5209 187 276 206 303
patient0076_0208 0 0.7842 186 274 206 301
patient0076_0209 0 0.8096 185 274 206 301
patient0076_0210 0 0.8174 186 273 206 301
patient0076_0211 0 0.8269 187 272 206 301
patient0076_0212 0 0.8390 187 271 206 302
patient0076_0213 0 0.8434 186 270 207 303
patient0076_0214 0 0.8598 185 270 206 305
patient0076_0215 0 0.8671 184 270 207 305
patient0076_0216 0 0.8509 184 270 208 306
patient0076_0217 0 0.8487 183 269 209 306
patient0076_0218 0 0.8541 182 268 209 306
patient0076_0219 0 0.8484 182 266 209 305
patient0076_0220 0 0.8608 181 267 210 307
patient0076_0221 0 0.8673 180 266 210 307
patient0076_0222 0 0.8725 180 260 213 307
patient0076_0223 0 0.8959 179 256 217 306
patient0076_0224 0 0.9163 178 256 224 307
patient0076_0225 0 0.9333 178 256 225 307
patient0076_0226 0 0.9361 178 256 226 307
patient0076_0227 0 0.9341 177 257 226 307
patient0076_0228 0 0.9334 176 258 227 307
patient0076_0229 0 0.9309 175 258 227 307
patient0076_0230 0 0.9256 175 258 228 308
patient0076_0231 0 0.9184 175 258 229 308
patient0076_0232 0 0.9232 175 258 229 308
patient0076_0233 0 0.9219 175 257 229 308
patient0076_0234 0 0.9215 174 256 229 308
patient0076_0235 0 0.9077 174 256 229 308
patient0076_0236 0 0.9022 173 255 229 308
patient0076_0237 0 0.8534 190 262 228 308
patient0076_0238 0 0.8652 192 261 230 308
patient0076_0239 0 0.8690 192 262 228 309
patient0076_0240 0 0.8958 194 262 228 309
patient0076_0241 0 0.8870 197 262 228 309
patient0076_0242 0 0.8821 199 262 229 309
patient0076_0243 0 0.8688 200 262 232 309
patient0076_0244 0 0.8875 200 261 235 309
patient0076_0245 0 0.8926 199 261 236 309
patient0076_0246 0 0.8887 199 260 238 307
patient0076_0247 0 0.8894 198 259 238 308
patient0076_0248 0 0.8770 198 259 237 308
patient0076_0249 0 0.8795 197 262 236 309
patient0076_0250 0 0.8852 196 261 236 309
patient0076_0251 0 0.8792 194 260 236 309
patient0076_0252 0 0.8700 194 260 236 308
patient0076_0253 0 0.8429 193 260 236 308
patient0076_0254 0 0.8420 192 260 236 308
patient0076_0255 0 0.8423 192 260 235 308
patient0076_0256 0 0.8218 192 261 235 308
patient0076_0257 0 0.7951 192 261 235 308
patient0076_0258 0 0.6768 212 261 235 280
patient0076_0259 0 0.6449 213 261 234 279
patient0076_0260 0 0.6149 213 261 234 278
patient0076_0261 0 0.6134 212 261 232 277
patient0076_0262 0 0.6289 214 261 231 276
patient0076_0263 0 0.6193 215 261 230 275
patient0076_0264 0 0.6219 216 261 230 274
patient0076_0265 0 0.6248 216 261 229 274
patient0076_0266 0 0.6281 216 261 230 274
patient0076_0267 0 0.6296 216 261 229 273
patient0076_0268 0 0.6313 215 261 227 272
patient0076_0269 0 0.6154 214 262 226 272
patient0076_0270 0 0.6105 213 262 224 272
patient0076_0271 0 0.5783 213 262 223 271
patient0076_0273 0 0.5286 213 261 223 272
patient0077_0008 0 0.5019 221 281 262 321
patient0077_0152 0 0.5650 221 251 234 270
patient0077_0153 0 0.5719 219 248 233 269
patient0077_0157 0 0.6466 215 242 227 262
patient0077_0158 0 0.7106 215 239 227 262
patient0077_0159 0 0.7587 213 238 228 263
patient0077_0160 0 0.7460 212 237 228 262
patient0077_0161 0 0.8286 210 234 229 265
patient0077_0162 0 0.8492 208 233 231 269
patient0077_0163 0 0.8799 207 231 233 270
patient0077_0164 0 0.8971 207 230 234 271
patient0077_0165 0 0.8714 205 230 235 272
patient0077_0166 0 0.8219 203 225 239 273
patient0077_0167 0 0.8888 202 208 252 274
patient0077_0168 0 0.9205 200 209 254 274
patient0077_0169 0 0.9390 199 209 256 274
patient0077_0170 0 0.9436 199 209 256 274
patient0077_0171 0 0.9452 197 208 258 274
patient0077_0172 0 0.9268 195 207 259 275
patient0077_0173 0 0.9178 194 206 260 273
patient0077_0174 0 0.9188 193 206 262 273
patient0077_0175 0 0.9182 193 206 262 273
patient0077_0176 0 0.9155 191 207 262 274
patient0077_0177 0 0.9205 189 206 263 274
patient0077_0178 0 0.9221 189 207 263 274
patient0077_0179 0 0.9145 189 206 264 274
patient0077_0180 0 0.8992 190 206 264 274
patient0077_0181 0 0.8840 190 206 265 274
patient0077_0182 0 0.8626 190 206 265 274
patient0077_0183 0 0.8721 213 205 265 273
patient0077_0184 0 0.8388 224 206 265 275
patient0077_0185 0 0.8739 231 205 268 275
patient0077_0186 0 0.8706 233 205 273 274
patient0077_0187 0 0.8902 233 205 273 274
patient0077_0188 0 0.8840 232 204 275 274
patient0077_0189 0 0.8993 231 203 277 274
patient0077_0190 0 0.9315 231 203 278 273
patient0077_0191 0 0.9199 230 203 279 273
patient0077_0192 0 0.9424 230 203 279 273
patient0077_0193 0 0.8878 229 202 276 273
patient0077_0194 0 0.8785 229 202 273 274
patient0077_0195 0 0.8379 228 199 275 273
patient0077_0196 0 0.8585 228 202 272 272
patient0077_0197 0 0.8350 226 203 271 272
patient0077_0198 0 0.7069 224 203 271 273
patient0077_0199 0 0.6663 224 203 271 272
patient0077_0200 0 0.6466 236 202 269 222
patient0077_0201 0 0.6775 236 202 266 221
patient0077_0202 0 0.5973 238 204 258 219
patient0077_0203 0 0.6280 238 204 256 218
patient0077_0204 0 0.6427 238 203 257 217
patient0077_0205 0 0.6677 237 203 255 218
patient0077_0206 0 0.6408 238 203 254 217
patient0077_0207 0 0.6007 238 204 252 215
patient0077_0208 0 0.5681 236 204 251 214
patient0077_0209 0 0.5808 237 204 250 214
patient0077_0210 0 0.6004 238 203 250 214
patient0077_0211 0 0.5977 238 203 249 214
patient0077_0212 0 0.5968 237 204 249 215
patient0077_0217 0 0.6187 225 210 247 261
patient0077_0218 0 0.7014 226 212 245 259
patient0077_0219 0 0.7277 227 215 246 258
patient0077_0220 0 0.5364 227 217 248 257
patient0078_0101 0 0.6599 160 231 181 266
patient0078_0107 0 0.5145 178 257 195 274
patient0078_0172 0 0.6830 191 264 207 290
patient0078_0173 0 0.7617 188 261 206 292
patient0078_0174 0 0.7954 188 261 206 293
patient0078_0175 0 0.7874 188 260 207 295
patient0078_0176 0 0.7888 186 259 207 300
patient0078_0177 0 0.7678 185 259 208 300
patient0078_0178 0 0.7668 186 258 208 300
patient0078_0179 0 0.7593 186 257 208 300
patient0078_0180 0 0.7512 186 256 209 303
patient0078_0181 0 0.7667 186 254 209 303
patient0078_0182 0 0.7881 185 252 211 304
patient0078_0183 0 0.7927 186 251 211 304
patient0078_0184 0 0.7763 187 251 210 306
patient0078_0185 0 0.8105 185 250 211 307
patient0078_0186 0 0.8248 185 249 211 308
patient0078_0187 0 0.8626 181 250 212 309
patient0078_0188 0 0.8533 183 249 212 309
patient0078_0189 0 0.8499 182 249 211 309
patient0078_0190 0 0.8386 179 248 212 309
patient0078_0191 0 0.9042 178 248 229 311
patient0078_0192 0 0.8963 178 246 232 311
patient0078_0193 0 0.9114 176 243 233 312
patient0078_0194 0 0.9216 175 243 234 312
patient0078_0195 0 0.9232 174 241 235 313
patient0078_0196 0 0.9136 174 241 236 313
patient0078_0197 0 0.9139 172 241 237 314
patient0078_0198 0 0.9168 170 240 238 314
patient0078_0199 0 0.9186 170 241 238 314
patient0078_0200 0 0.9210 169 243 239 314
patient0078_0201 0 0.9208 169 244 239 314
patient0078_0202 0 0.9217 169 245 239 315
patient0078_0203 0 0.9198 169 245 240 315
patient0078_0204 0 0.8804 173 246 240 313
patient0078_0205 0 0.8955 191 258 240 313
patient0078_0206 0 0.8743 189 259 240 313
patient0078_0207 0 0.8897 188 259 240 313
patient0078_0208 0 0.9017 188 258 240 313
patient0078_0209 0 0.8889 187 258 242 313
patient0078_0210 0 0.8636 184 262 245 315
patient0078_0211 0 0.8601 183 262 244 315
patient0078_0212 0 0.7902 210 262 245 305
patient0078_0213 0 0.8106 210 265 246 302
patient0078_0214 0 0.8217 210 263 244 302
patient0078_0215 0 0.8435 209 262 242 302
patient0078_0216 0 0.8330 209 261 242 302
patient0078_0217 0 0.7980 211 262 242 299
patient0078_0218 0 0.7569 213 261 242 292
patient0078_0219 0 0.7260 215 262 242 291
patient0078_0220 0 0.7177 215 261 242 289
patient0078_0221 0 0.6911 216 260 243 287
patient0078_0222 0 0.6869 214 261 243 286
patient0078_0223 0 0.6463 214 261 243 285
patient0078_0224 0 0.6451 214 261 243 285
patient0078_0225 0 0.6554 215 261 242 284
patient0078_0226 0 0.6340 217 261 241 283
patient0078_0227 0 0.5439 220 260 241 281
patient0078_0228 0 0.5979 219 261 240 282
patient0078_0229 0 0.5819 222 260 239 281
patient0078_0230 0 0.5497 226 259 239 281
patient0078_0231 0 0.5231 225 262 239 281
patient0078_0232 0 0.5721 223 260 238 280
patient0078_0233 0 0.6094 220 262 236 279
patient0078_0234 0 0.6571 217 264 234 278
patient0078_0235 0 0.6320 216 263 232 277
patient0078_0236 0 0.5212 220 261 232 276
patient0078_0237 0 0.5355 220 262 230 276
patient0078_0239 0 0.6195 215 263 227 275
patient0078_0240 0 0.6200 216 263 225 275
patient0079_0030 0 0.5318 403 355 440 386
patient0079_0124 0 0.5365 238 287 271 327
patient0079_0125 0 0.6190 236 285 272 328
patient0079_0127 0 0.6004 239 282 273 329
patient0079_0128 0 0.5607 235 285 274 330
patient0079_0129 0 0.5142 234 284 276 330
patient0079_0130 0 0.6988 232 281 282 329
patient0079_0131 0 0.6259 231 281 284 330
patient0079_0135 0 0.5225 223 277 241 294
patient0079_0136 0 0.5032 221 277 240 294
patient0079_0137 0 0.5963 216 276 239 297
patient0079_0138 0 0.6072 216 276 239 297
patient0079_0139 0 0.5820 217 275 237 296
patient0079_0140 0 0.5156 218 275 237 294
patient0079_0152 0 0.6877 207 258 234 289
patient0079_0153 0 0.8418 205 255 232 288
patient0079_0154 0 0.8681 204 253 233 290
patient0079_0155 0 0.8557 204 253 233 291
patient0079_0156 0 0.8436 202 251 232 292
patient0079_0157 0 0.8497 201 252 232 292
patient0079_0158 0 0.8587 203 251 234 294
patient0079_0159 0 0.8720 203 251 234 295
patient0079_0160 0 0.8833 204 251 234 296
patient0079_0161 0 0.8751 204 249 233 295
patient0079_0162 0 0.8814 203 247 233 296
patient0079_0163 0 0.8801 201 247 232 297
patient0079_0164 0 0.8750 201 246 231 298
patient0079_0165 0 0.8374 201 246 231 298
patient0079_0166 0 0.8400 201 245 231 299
patient0079_0167 0 0.8317 201 244 231 299
patient0079_0168 0 0.8250 202 243 232 300
patient0079_0169 0 0.7979 197 242 242 300
patient0079_0170 0 0.8709 197 241 246 300
patient0079_0171 0 0.9007 195 240 247 300
patient0079_0172 0 0.9005 193 240 248 301
patient0079_0173 0 0.9230 192 239 250 301
patient0079_0174 0 0.9207 190 239 250 301
patient0079_0175 0 0.9385 190 239 250 301
patient0079_0176 0 0.9217 189 239 251 302
patient0079_0177 0 0.8815 187 238 251 303
patient0079_0178 0 0.8853 186 238 252 303
patient0079_0179 0 0.8643 186 239 252 302
patient0079_0180 0 0.8309 216 246 254 305
patient0079_0181 0 0.8687 212 247 256 306
patient0079_0182 0 0.8698 211 248 258 307
patient0079_0183 0 0.8702 211 248 259 307
patient0079_0184 0 0.8848 208 249 260 307
patient0079_0185 0 0.8735 207 251 259 307
patient0079_0186 0 0.8445 207 251 261 308
patient0079_0187 0 0.7604 206 251 262 308
patient0079_0188 0 0.7751 227 252 264 288
patient0079_0189 0 0.7765 227 252 263 288
patient0079_0190 0 0.7528 227 252 261 287
patient0079_0191 0 0.7465 227 250 260 278
patient0079_0192 0 0.7193 229 252 259 280
patient0079_0193 0 0.7365 228 251 259 277
patient0079_0194 0 0.7592 228 251 258 275
patient0079_0195 0 0.7646 228 251 258 275
patient0079_0196 0 0.7588 229 250 259 274
patient0079_0197 0 0.7480 229 250 259 273
patient0079_0198 0 0.7303 228 248 259 271
patient0079_0199 0 0.6995 228 248 258 270
patient0079_0200 0 0.6641 229 249 257 271
patient0079_0201 0 0.6634 228 249 255 270
patient0079_0202 0 0.6581 229 248 255 269
patient0079_0203 0 0.6491 230 247 253 268
patient0079_0204 0 0.6599 233 246 253 267
patient0079_0205 0 0.6641 236 247 252 267
patient0079_0206 0 0.6210 234 250 251 267
patient0079_0207 0 0.6254 233 250 248 266
patient0079_0208 0 0.6420 232 252 247 265
patient0079_0209 0 0.6371 234 253 246 265
patient0079_0210 0 0.6386 234 254 246 265
patient0079_0211 0 0.5804 234 254 246 265
patient0080_0139 0 0.5822 221 350 279 406
patient0080_0140 0 0.6206 221 353 279 407
patient0080_0141 0 0.6858 220 355 279 408
patient0080_0142 0 0.6717 219 356 279 408
patient0080_0143 0 0.5015 218 352 280 407
patient0080_0144 0 0.6782 216 342 278 406
patient0080_0145 0 0.6786 215 339 281 405
patient0080_0146 0 0.7115 216 344 280 405
patient0080_0147 0 0.7142 215 345 281 405
patient0080_0172 0 0.5080 181 360 213 377
patient0080_0173 0 0.5853 180 361 213 377
patient0080_0174 0 0.5933 193 328 213 352
patient0080_0175 0 0.7564 193 327 213 351
patient0080_0176 0 0.7787 192 326 215 352
patient0080_0177 0 0.8339 190 325 216 354
patient0080_0178 0 0.8504 189 324 218 356
patient0080_0179 0 0.8581 187 321 219 356
patient0080_0180 0 0.8718 187 321 219 357
patient0080_0181 0 0.8906 186 297 225 357
patient0080_0182 0 0.8913 185 296 230 356
patient0080_0183 0 0.8813 183 298 231 357
patient0080_0184 0 0.9199 183 300 236 357
patient0080_0185 0 0.9341 182 301 237 358
patient0080_0186 0 0.9389 181 300 237 358
patient0080_0187 0 0.9480 180 298 237 358
patient0080_0188 0 0.9384 179 296 238 359
patient0080_0189 0 0.9341 179 296 238 358
patient0080_0190 0 0.9400 179 297 238 358
patient0080_0191 0 0.9356 179 297 239 358
patient0080_0192 0 0.9177 177 297 240 359
patient0080_0193 0 0.8636 200 297 239 361
patient0080_0194 0 0.8961 202 296 242 360
patient0080_0195 0 0.8635 205 297 243 360
patient0080_0196 0 0.8728 204 297 241 363
patient0080_0197 0 0.8689 209 297 245 361
patient0080_0198 0 0.8748 208 295 247 362
patient0080_0199 0 0.9019 210 296 245 360
patient0080_0200 0 0.9153 210 296 247 360
patient0080_0201 0 0.9025 208 295 249 361
patient0080_0202 0 0.8608 208 296 249 361
patient0080_0203 0 0.7967 209 297 249 360
patient0080_0204 0 0.8144 207 297 250 360
patient0080_0205 0 0.8142 206 296 250 360
patient0080_0206 0 0.8323 205 296 248 360
patient0080_0207 0 0.7752 204 296 249 360
patient0080_0208 0 0.7141 223 298 247 320
patient0080_0209 0 0.6470 220 299 246 318
patient0080_0210 0 0.6192 220 298 245 318
patient0080_0211 0 0.6554 223 300 243 317
patient0080_0212 0 0.6640 223 300 241 315
patient0080_0213 0 0.6587 225 300 239 314
patient0080_0214 0 0.6391 225 300 239 314
patient0080_0215 0 0.5504 225 300 238 313
patient0081_0030 0 0.6370 164 251 195 283
patient0081_0136 0 0.5988 309 259 340 317
patient0081_0137 0 0.6644 308 258 340 319
patient0081_0148 0 0.6157 264 316 293 346
patient0081_0149 0 0.5841 261 313 290 348
patient0081_0160 0 0.5470 241 314 275 340
patient0081_0161 0 0.6845 240 314 275 339
patient0081_0162 0 0.5789 238 313 275 338
patient0081_0163 0 0.5408 237 303 276 336
patient0081_0199 0 0.6516 219 279 230 303
patient0081_0200 0 0.7542 219 276 231 305
patient0081_0201 0 0.7767 219 275 233 306
patient0081_0202 0 0.7805 219 273 234 308
patient0081_0203 0 0.8229 217 271 235 310
patient0081_0204 0 0.8042 218 270 236 311
patient0081_0205 0 0.7983 218 268 237 310
patient0081_0206 0 0.7867 218 267 238 311
patient0081_0207 0 0.7407 218 266 238 312
patient0081_0208 0 0.7521 217 265 239 313
patient0081_0209 0 0.8639 217 253 266 315
patient0081_0210 0 0.8951 215 253 267 315
patient0081_0211 0 0.9033 215 252 267 315
patient0081_0212 0 0.9115 215 251 269 316
patient0081_0213 0 0.9231 214 252 270 316
patient0081_0214 0 0.9278 214 251 270 316
patient0081_0215 0 0.9266 213 253 270 316
patient0081_0216 0 0.9128 211 253 271 318
patient0081_0217 0 0.9106 212 254 273 317
patient0081_0218 0 0.9251 211 254 273 318
patient0081_0219 0 0.9068 210 254 274 318
patient0081_0220 0 0.9005 209 255 274 319
patient0081_0221 0 0.9045 209 256 274 320
patient0081_0222 0 0.8979 209 257 275 320
patient0081_0223 0 0.8988 209 257 275 320
patient0081_0224 0 0.8914 208 257 275 320
patient0081_0225 0 0.9004 207 255 275 320
patient0081_0226 0 0.8761 206 255 274 320
patient0081_0227 0 0.8907 229 260 275 319
patient0081_0228 0 0.8881 230 260 276 319
patient0081_0229 0 0.8815 228 260 277 319
patient0081_0230 0 0.8759 228 261 281 319
patient0081_0231 0 0.8733 228 264 282 320
patient0081_0232 0 0.8923 229 263 281 320
patient0081_0233 0 0.8794 228 264 280 319
patient0081_0234 0 0.8803 227 264 279 319
patient0081_0235 0 0.8694 227 264 279 319
patient0081_0236 0 0.8235 225 263 280 319
patient0081_0237 0 0.7362 224 263 279 319
patient0081_0238 0 0.6385 251 263 278 289
patient0081_0239 0 0.6835 250 262 278 288
patient0081_0240 0 0.6639 254 263 278 287
patient0081_0241 0 0.5910 254 264 277 288
patient0081_0242 0 0.6132 253 263 277 286
patient0081_0243 0 0.6319 256 264 277 285
patient0081_0244 0 0.6377 254 264 276 285
patient0081_0245 0 0.6459 257 263 275 282
patient0081_0246 0 0.6226 258 264 273 281
patient0081_0247 0 0.6118 257 264 272 280
patient0081_0248 0 0.5585 256 264 271 280
patient0081_0257 0 0.5164 251 260 263 275
patient0082_0011 0 0.5819 142 415 208 509
patient0082_0012 0 0.5902 144 415 210 511
patient0082_0013 0 0.6929 145 414 210 511
patient0082_0014 0 0.6463 146 414 206 509
patient0082_0028 0 0.5835 134 408 215 511
patient0082_0029 0 0.6924 133 410 216 511
patient0082_0030 0 0.6019 131 411 216 511
patient0082_0034 0 0.5154 144 411 217 512
patient0082_0035 0 0.6462 146 412 218 512
patient0082_0036 0 0.6911 147 412 219 512
patient0082_0037 0 0.6261 144 413 219 511
patient0082_0038 0 0.5507 138 414 220 511
patient0082_0040 0 0.5575 144 409 222 511
patient0082_0044 0 0.5280 144 418 226 511
patient0082_0045 0 0.6204 138 425 221 510
patient0082_0046 0 0.6677 136 424 221 510
patient0082_0047 0 0.6278 142 422 224 511
patient0082_0048 0 0.6481 142 423 224 511
patient0082_0049 0 0.5967 138 424 223 510
patient0082_0050 0 0.5306 138 426 224 510
patient0082_0051 0 0.5324 139 429 225 509
patient0082_0052 0 0.5481 138 429 226 509
patient0082_0053 0 0.5548 138 427 226 509
patient0082_0054 0 0.5181 141 427 227 508
patient0082_0172 0 0.5255 205 327 220 345
patient0082_0173 0 0.6126 204 326 220 345
patient0082_0174 0 0.6751 203 326 220 345
patient0082_0175 0 0.7059 203 325 219 344
patient0082_0176 0 0.6753 201 325 219 344
patient0082_0177 0 0.6069 202 324 219 343
patient0082_0178 0 0.5976 203 324 219 343
patient0082_0179 0 0.5451 205 325 216 340
patient0082_0180 0 0.5329 205 326 216 338
patient0082_0181 0 0.5310 205 326 216 338
patient0082_0182 0 0.5087 196 324 216 345
patient0082_0191 0 0.6076 191 303 207 331
patient0082_0192 0 0.7298 191 309 208 333
patient0082_0193 0 0.7932 189 308 209 336
patient0082_0194 0 0.8060 189 308 210 337
patient0082_0195 0 0.8070 188 307 210 337
patient0082_0196 0 0.7983 188 305 210 337
patient0082_0197 0 0.8319 186 304 211 337
patient0082_0198 0 0.8222 186 302 211 338
patient0082_0199 0 0.8209 184 301 213 338
patient0082_0200 0 0.8247 183 289 222 340
patient0082_0201 0 0.8934 182 286 226 341
patient0082_0202 0 0.9143 182 287 228 340
patient0082_0203 0 0.9059 181 286 229 341
patient0082_0204 0 0.9141 180 287 231 339
patient0082_0205 0 0.9167 179 286 231 340
patient0082_0206 0 0.9251 178 286 230 340
patient0082_0207 0 0.9149 178 286 230 341
patient0082_0208 0 0.8889 177 286 231 341
patient0082_0209 0 0.8740 176 285 232 343
patient0082_0210 0 0.8479 175 286 230 341
patient0082_0211 0 0.8372 175 283 230 342
patient0082_0212 0 0.7671 173 285 228 342
patient0082_0213 0 0.7592 174 285 238 342
patient0082_0214 0 0.8440 172 286 234 343
patient0082_0215 0 0.8443 173 286 234 343
patient0082_0216 0 0.8038 171 285 234 343
patient0082_0217 0 0.6582 197 287 235 343
patient0082_0218 0 0.8241 187 287 236 343
patient0082_0219 0 0.7393 203 286 237 344
patient0082_0220 0 0.7976 194 285 235 344
patient0082_0221 0 0.7695 197 285 236 344
patient0082_0222 0 0.7338 204 282 237 344
patient0082_0223 0 0.7855 201 284 236 344
patient0082_0224 0 0.7674 203 283 236 344
patient0082_0225 0 0.7732 205 280 238 345
patient0082_0226 0 0.8115 207 279 238 344
patient0082_0227 0 0.7935 206 280 237 345
patient0082_0228 0 0.7813 207 280 236 346
patient0082_0229 0 0.8052 207 281 236 345
patient0082_0230 0 0.8186 207 281 236 345
patient0082_0231 0 0.8228 207 282 235 345
patient0082_0232 0 0.8003 206 281 239 345
patient0082_0233 0 0.8189 206 281 240 345
patient0082_0234 0 0.8155 205 281 241 345
patient0082_0235 0 0.7902 205 281 242 345
patient0082_0236 0 0.7964 205 281 242 344
patient0082_0237 0 0.7985 204 281 242 345
patient0082_0238 0 0.8059 205 280 241 344
patient0082_0239 0 0.7970 204 279 241 344
patient0082_0240 0 0.7965 204 279 240 344
patient0082_0241 0 0.8119 203 279 240 344
patient0082_0242 0 0.7107 202 279 240 344
patient0082_0244 0 0.5414 218 281 240 307
patient0082_0245 0 0.5500 218 281 240 305
patient0082_0247 0 0.5515 220 281 236 298
patient0083_0235 0 0.5755 216 264 228 298
patient0083_0236 0 0.6047 217 266 228 298
patient0083_0237 0 0.5080 217 267 227 297
patient0083_0238 0 0.6238 216 267 227 298
patient0083_0239 0 0.7349 216 271 226 298
patient0083_0240 0 0.7557 215 273 225 299
patient0083_0241 0 0.7452 215 274 225 299
patient0083_0242 0 0.7219 215 276 226 300
patient0083_0243 0 0.6928 214 277 226 300
patient0083_0244 0 0.7194 209 274 225 299
patient0083_0245 0 0.7978 208 272 224 298
patient0083_0246 0 0.7934 208 270 225 298
patient0083_0247 0 0.7891 208 269 226 298
patient0083_0248 0 0.8028 206 270 226 301
patient0083_0249 0 0.8313 205 268 226 302
patient0083_0250 0 0.8517 206 268 226 303
patient0083_0251 0 0.8559 205 268 226 304
patient0083_0252 0 0.8444 203 268 226 305
patient0083_0253 0 0.8293 202 268 227 305
patient0083_0254 0 0.7849 202 259 233 306
patient0083_0255 0 0.8665 203 251 241 306
patient0083_0256 0 0.8729 201 250 241 306
patient0083_0257 0 0.8637 200 249 244 307
patient0083_0258 0 0.8754 199 253 243 306
patient0083_0259 0 0.8984 199 252 245 307
patient0083_0260 0 0.8899 198 252 246 307
patient0083_0261 0 0.8897 198 253 247 307
patient0083_0262 0 0.8838 197 253 247 308
patient0083_0263 0 0.8944 197 250 247 308
patient0083_0264 0 0.8982 197 250 248 308
patient0083_0265 0 0.9100 196 250 248 308
patient0083_0266 0 0.9107 195 251 248 308
patient0083_0267 0 0.9007 195 252 248 309
patient0083_0268 0 0.9008 192 250 249 310
patient0083_0269 0 0.9023 192 250 250 311
patient0083_0270 0 0.8926 192 250 250 311
patient0083_0271 0 0.8882 192 251 250 311
patient0083_0272 0 0.8795 194 253 251 310
patient0083_0273 0 0.8514 194 252 261 310
patient0083_0274 0 0.8563 194 252 261 310
patient0083_0275 0 0.8770 194 254 261 311
patient0083_0276 0 0.8457 194 254 262 311
patient0083_0277 0 0.8009 216 253 263 311
patient0083_0278 0 0.8252 215 253 264 311
patient0083_0279 0 0.8336 215 253 263 312
patient0083_0280 0 0.8566 214 253 264 314
patient0083_0281 0 0.8585 213 254 263 313
patient0083_0282 0 0.8456 213 254 263 313
patient0083_0283 0 0.8238 212 254 263 313
patient0083_0284 0 0.8567 212 255 263 313
patient0083_0285 0 0.8764 211 256 262 312
patient0083_0286 0 0.8767 211 256 262 312
patient0083_0287 0 0.8284 210 257 263 312
patient0083_0288 0 0.7385 209 256 263 313
patient0083_0289 0 0.5727 229 256 261 283
patient0083_0290 0 0.6464 233 257 261 283
patient0083_0291 0 0.6620 234 257 260 281
patient0083_0292 0 0.6290 236 257 259 280
patient0083_0293 0 0.5760 234 255 260 281
patient0083_0294 0 0.5692 234 254 260 281
patient0083_0295 0 0.5810 235 254 260 281
patient0083_0296 0 0.5609 236 255 260 280
patient0083_0297 0 0.5024 237 254 259 278
patient0083_0298 0 0.5754 237 254 258 277
patient0083_0299 0 0.6507 236 255 257 275
patient0083_0300 0 0.6208 238 256 256 275
patient0083_0301 0 0.5957 239 255 256 274
patient0083_0302 0 0.6127 239 255 255 272
patient0083_0303 0 0.5917 239 255 254 273
patient0083_0304 0 0.5935 238 255 253 272
patient0083_0305 0 0.5360 238 257 250 269
patient0083_0306 0 0.5506 236 256 252 270
patient0084_0102 0 0.5219 215 243 248 280
patient0084_0103 0 0.6364 216 233 248 282
patient0084_0104 0 0.6023 217 211 248 283
patient0084_0105 0 0.6299 207 215 248 283
patient0084_0106 0 0.5428 205 219 249 283
patient0084_0143 0 0.6335 181 225 198 251
patient0084_0144 0 0.7238 179 223 198 252
patient0084_0145 0 0.7627 178 221 199 254
patient0084_0146 0 0.7986 177 220 200 255
patient0084_0147 0 0.8378 176 219 201 255
patient0084_0148 0 0.8378 176 218 201 256
patient0084_0149 0 0.8271 176 217 202 256
patient0084_0150 0 0.8306 174 216 202 260
patient0084_0151 0 0.8319 176 216 202 258
patient0084_0152 0 0.8528 173 216 202 260
patient0084_0153 0 0.8765 173 215 203 261
patient0084_0154 0 0.8850 172 214 203 261
patient0084_0155 0 0.8742 172 211 204 262
patient0084_0156 0 0.8712 171 211 204 262
patient0084_0157 0 0.8661 170 210 204 262
patient0084_0158 0 0.8853 168 208 213 262
patient0084_0159 0 0.9219 169 205 216 262
patient0084_0160 0 0.9163 167 205 218 263
patient0084_0161 0 0.8987 166 207 219 264
patient0084_0162 0 0.9076 166 207 220 264
patient0084_0163 0 0.9089 164 207 221 264
patient0084_0164 0 0.9122 164 208 221 264
patient0084_0165 0 0.9224 164 208 222 264
patient0084_0166 0 0.9278 163 209 222 264
patient0084_0167 0 0.9161 162 209 222 264
patient0084_0168 0 0.9019 163 210 223 265
patient0084_0169 0 0.8858 162 210 223 265
patient0084_0170 0 0.8478 170 211 223 265
patient0084_0171 0 0.7993 188 211 226 265
patient0084_0172 0 0.9073 190 211 227 265
patient0084_0173 0 0.9120 189 211 230 264
patient0084_0174 0 0.9029 188 211 232 264
patient0084_0175 0 0.8926 187 210 233 264
patient0084_0176 0 0.8831 185 211 232 266
patient0084_0177 0 0.8099 184 211 231 265
patient0084_0178 0 0.7081 182 210 231 265
patient0084_0179 0 0.6360 181 210 232 261
patient0084_0180 0 0.6470 203 209 232 239
patient0084_0181 0 0.7086 201 207 231 237
patient0084_0182 0 0.7254 200 206 231 236
patient0084_0183 0 0.7161 200 207 230 235
patient0084_0184 0 0.7076 200 208 230 234
patient0084_0185 0 0.6852 200 209 229 233
patient0084_0186 0 0.6873 199 209 228 232
patient0084_0187 0 0.6641 199 210 228 232
patient0084_0188 0 0.6430 199 210 227 231
patient0084_0189 0 0.5877 199 211 226 230
patient0084_0190 0 0.5615 202 210 225 230
patient0084_0191 0 0.5353 203 208 225 229
patient0084_0192 0 0.5138 199 209 223 229
patient0084_0193 0 0.5164 203 210 222 228
patient0084_0194 0 0.5426 204 212 221 228
patient0084_0195 0 0.6106 205 212 219 227
patient0084_0196 0 0.6483 205 213 218 226
patient0084_0197 0 0.6450 203 213 216 226
patient0084_0198 0 0.6478 201 213 216 225
patient0084_0199 0 0.6608 202 213 215 225
patient0084_0200 0 0.6497 202 213 214 225
patient0084_0201 0 0.6020 201 213 214 226
patient0085_0218 0 0.6611 193 283 206 303
patient0085_0219 0 0.7482 192 281 208 304
patient0085_0220 0 0.8033 191 280 209 305
patient0085_0221 0 0.8099 189 279 209 305
patient0085_0222 0 0.7871 188 277 210 306
patient0085_0223 0 0.7571 188 276 210 306
patient0085_0224 0 0.8133 187 257 230 307
patient0085_0225 0 0.8798 187 258 232 307
patient0085_0226 0 0.8978 187 256 234 307
patient0085_0227 0 0.9115 186 257 235 307
patient0085_0228 0 0.9180 186 257 236 308
patient0085_0229 0 0.9217 185 258 236 308
patient0085_0230 0 0.9200 185 257 237 308
patient0085_0231 0 0.9192 184 257 237 308
patient0085_0232 0 0.9154 183 256 237 309
patient0085_0233 0 0.9146 182 256 237 309
patient0085_0234 0 0.9092 181 257 237 309
patient0085_0235 0 0.9077 180 257 237 309
patient0085_0236 0 0.9107 179 257 237 309
patient0085_0237 0 0.9079 179 258 237 309
patient0085_0238 0 0.9008 179 259 237 310
patient0085_0239 0 0.9062 178 259 237 310
patient0085_0240 0 0.9029 177 259 237 311
patient0085_0241 0 0.8939 177 259 237 311
patient0085_0242 0 0.8810 177 259 237 311
patient0085_0243 0 0.8793 177 259 237 311
patient0085_0244 0 0.8775 176 259 238 311
patient0085_0245 0 0.8762 176 259 238 312
patient0085_0246 0 0.8787 176 257 238 311
patient0085_0247 0 0.8654 175 257 239 311
patient0085_0248 0 0.8597 199 259 238 312
patient0085_0249 0 0.8507 199 259 238 312
patient0085_0250 0 0.8413 202 258 239 311
patient0085_0251 0 0.8377 205 259 239 312
patient0085_0252 0 0.8338 205 259 238 311
patient0085_0253 0 0.8455 207 259 238 313
patient0085_0254 0 0.8372 208 258 239 311
patient0085_0255 0 0.8456 209 259 239 313
patient0085_0256 0 0.8488 209 259 239 314
patient0085_0257 0 0.8539 209 258 241 314
patient0085_0258 0 0.8268 208 255 247 312
patient0085_0259 0 0.8567 210 258 248 312
patient0085_0260 0 0.8721 210 257 249 312
patient0085_0261 0 0.8930 210 258 248 313
patient0085_0262 0 0.9068 211 258 247 313
patient0085_0263 0 0.8928 211 258 247 313
patient0085_0264 0 0.8814 211 256 246 312
patient0085_0265 0 0.8723 211 255 246 312
patient0085_0266 0 0.8712 210 255 246 312
patient0085_0267 0 0.8688 209 255 246 313
patient0085_0268 0 0.8579 208 254 245 314
patient0085_0269 0 0.8396 208 254 244 314
patient0085_0270 0 0.8581 208 254 244 313
patient0085_0271 0 0.8642 207 255 244 313
patient0085_0272 0 0.8628 207 256 243 313
patient0085_0273 0 0.8675 206 256 242 313
patient0085_0274 0 0.8683 206 255 242 314
patient0085_0275 0 0.8763 205 255 241 313
patient0085_0276 0 0.8609 205 255 240 313
patient0085_0277 0 0.8489 205 255 239 313
patient0085_0278 0 0.8467 205 255 237 312
patient0085_0279 0 0.8377 204 255 236 312
patient0085_0280 0 0.8215 204 256 236 313
patient0085_0281 0 0.7886 203 255 236 311
patient0085_0282 0 0.7349 203 256 233 311
patient0085_0283 0 0.7197 203 256 234 311
patient0085_0284 0 0.7213 202 256 232 310
patient0085_0285 0 0.6937 202 256 232 310
patient0085_0286 0 0.5869 221 254 231 265
patient0085_0287 0 0.6252 220 254 231 266
patient0085_0288 0 0.6441 220 254 231 266
patient0085_0289 0 0.6086 220 254 231 265
patient0085_0290 0 0.5366 221 254 231 265
patient0085_0308 0 0.5148 211 279 230 300
patient0086_0031 0 0.6162 306 142 347 174
patient0086_0032 0 0.6521 303 139 348 175
patient0086_0178 0 0.6197 227 276 244 303
patient0086_0179 0 0.7141 231 274 247 304
patient0086_0180 0 0.7300 228 272 248 305
patient0086_0181 0 0.7869 223 269 249 306
patient0086_0182 0 0.8002 221 264 251 307
patient0086_0183 0 0.8279 223 262 253 309
patient0086_0184 0 0.8163 221 262 255 309
patient0086_0185 0 0.8303 222 262 256 309
patient0086_0186 0 0.8589 221 261 254 309
patient0086_0187 0 0.8590 220 261 255 310
patient0086_0188 0 0.8620 221 260 256 310
patient0086_0189 0 0.8925 219 259 256 310
patient0086_0190 0 0.9027 218 259 257 311
patient0086_0191 0 0.8750 218 257 258 312
patient0086_0192 0 0.8714 218 255 260 311
patient0086_0193 0 0.8762 217 252 262 312
patient0086_0194 0 0.8969 216 253 268 313
patient0086_0195 0 0.8834 216 253 271 314
patient0086_0196 0 0.8933 217 252 273 314
patient0086_0197 0 0.9136 216 252 275 314
patient0086_0198 0 0.9007 216 253 276 315
patient0086_0199 0 0.9138 215 253 277 315
patient0086_0200 0 0.9249 214 254 278 315
patient0086_0201 0 0.9283 212 254 279 315
patient0086_0202 0 0.9027 212 251 281 316
patient0086_0203 0 0.8926 211 250 281 316
patient0086_0204 0 0.8804 210 249 282 316
patient0086_0205 0 0.8633 210 249 284 316
patient0086_0206 0 0.8210 236 259 284 318
patient0086_0207 0 0.8339 241 260 286 315
patient0086_0208 0 0.8643 237 260 289 317
patient0086_0209 0 0.8723 237 261 293 319
patient0086_0210 0 0.8728 236 261 293 320
patient0086_0211 0 0.8813 235 263 294 320
patient0086_0212 0 0.8632 237 263 294 320
patient0086_0213 0 0.7486 234 262 294 319
patient0086_0214 0 0.7593 232 264 293 319
patient0086_0215 0 0.7049 257 264 293 293
patient0086_0216 0 0.7426 256 263 292 293
patient0086_0217 0 0.7486 255 261 290 292
patient0086_0218 0 0.6989 256 257 290 288
patient0086_0219 0 0.7198 256 255 289 288
patient0086_0220 0 0.6711 258 259 289 287
patient0086_0221 0 0.6071 266 258 289 287
patient0086_0222 0 0.5729 269 258 288 286
patient0086_0223 0 0.5936 266 257 288 285
patient0086_0224 0 0.5571 272 260 286 283
patient0086_0225 0 0.5696 268 260 286 283
patient0086_0226 0 0.6035 266 258 287 283
patient0086_0227 0 0.6560 258 259 286 283
patient0086_0228 0 0.6217 258 259 286 282
patient0086_0229 0 0.6578 268 263 283 281
patient0086_0230 0 0.7069 269 262 282 280
patient0086_0231 0 0.6484 269 264 281 279
patient0086_0232 0 0.6391 264 265 281 279
patient0086_0233 0 0.6293 263 265 279 278
patient0086_0234 0 0.6659 263 264 277 277
patient0086_0235 0 0.6471 263 265 276 277
patient0086_0236 0 0.5695 262 265 273 275
patient0086_0237 0 0.5771 261 265 273 275
patient0086_0238 0 0.5951 258 265 273 276
patient0086_0239 0 0.5150 257 263 271 276
patient0086_0248 0 0.6233 221 271 258 324
patient0086_0249 0 0.5403 221 270 258 323
patient0086_0250 0 0.6531 218 297 252 323
patient0086_0251 0 0.5471 215 293 263 325
patient0086_0252 0 0.5036 215 296 249 323
patient0086_0253 0 0.6625 215 285 256 324
patient0086_0254 0 0.5189 213 285 255 323
patient0087_0158 0 0.7223 181 224 204 252
patient0087_0159 0 0.8372 179 218 208 253
patient0087_0160 0 0.8801 178 217 208 254
patient0087_0161 0 0.8515 177 217 208 254
patient0087_0162 0 0.8236 176 215 207 255
patient0087_0163 0 0.8368 175 214 207 256
patient0087_0164 0 0.8410 176 213 210 257
patient0087_0165 0 0.8527 176 211 210 258
patient0087_0166 0 0.8597 175 209 210 259
patient0087_0167 0 0.8859 173 192 223 259
patient0087_0168 0 0.8954 173 192 226 258
patient0087_0169 0 0.9032 172 192 225 259
patient0087_0170 0 0.8923 171 192 226 258
patient0087_0171 0 0.9077 169 191 227 258
patient0087_0172 0 0.9294 169 192 227 259
patient0087_0173 0 0.9409 168 193 228 258
patient0087_0174 0 0.9357 167 192 228 259
patient0087_0175 0 0.9350 166 192 229 259
patient0087_0176 0 0.9225 166 192 229 259
patient0087_0177 0 0.9204 166 192 229 259
patient0087_0178 0 0.9257 164 191 229 259
patient0087_0179 0 0.9228 165 192 231 259
patient0087_0180 0 0.9212 164 192 232 259
patient0087_0181 0 0.9212 163 193 231 259
patient0087_0182 0 0.9286 161 193 231 259
patient0087_0183 0 0.9182 160 192 231 259
patient0087_0184 0 0.8989 160 192 232 258
patient0087_0185 0 0.8452 193 193 231 258
patient0087_0186 0 0.8792 198 193 231 260
patient0087_0187 0 0.8633 201 193 234 260
patient0087_0188 0 0.8773 200 192 238 260
patient0087_0189 0 0.9003 199 192 241 260
patient0087_0190 0 0.9042 200 192 242 259
patient0087_0191 0 0.9104 200 193 242 259
patient0087_0192 0 0.9080 199 192 243 260
patient0087_0193 0 0.9002 198 192 244 258
patient0087_0194 0 0.8982 197 192 245 258
patient0087_0195 0 0.9075 197 192 244 257
patient0087_0196 0 0.9009 196 191 244 258
patient0087_0197 0 0.8573 196 191 243 258
patient0087_0198 0 0.7660 196 192 242 259
patient0087_0199 0 0.6556 215 193 242 224
patient0087_0200 0 0.7109 213 193 242 223
patient0087_0201 0 0.6881 212 192 241 220
patient0087_0202 0 0.6759 213 195 237 216
patient0087_0203 0 0.6884 217 197 237 216
patient0087_0204 0 0.7334 218 198 236 214
patient0087_0205 0 0.7386 216 198 234 213
patient0087_0206 0 0.7220 215 198 233 213
patient0087_0207 0 0.6902 213 198 231 213
patient0087_0208 0 0.6632 214 197 231 213
patient0087_0209 0 0.6515 216 198 230 211
patient0087_0210 0 0.6669 215 199 228 211
patient0087_0211 0 0.6248 214 199 226 210
patient0087_0212 0 0.6102 213 200 224 210
patient0087_0213 0 0.5658 212 199 224 210
patient0088_0160 0 0.6057 192 298 210 322
patient0088_0161 0 0.8166 189 296 209 323
patient0088_0162 0 0.8185 187 293 209 324
patient0088_0163 0 0.8511 187 289 210 325
patient0088_0164 0 0.8447 185 286 211 326
patient0088_0165 0 0.8390 184 285 211 327
patient0088_0166 0 0.8413 181 284 212 327
patient0088_0167 0 0.8340 182 282 213 327
patient0088_0168 0 0.8475 180 280 215 329
patient0088_0169 0 0.8716 180 278 217 329
patient0088_0170 0 0.8515 179 276 224 329
patient0088_0171 0 0.8658 181 271 232 329
patient0088_0172 0 0.8679 181 270 231 330
patient0088_0173 0 0.8770 179 268 235 330
patient0088_0174 0 0.8893 177 267 237 330
patient0088_0175 0 0.9029 175 268 241 330
patient0088_0176 0 0.9097 173 269 243 331
patient0088_0177 0 0.9024 173 270 243 331
patient0088_0178 0 0.9079 175 267 244 330
patient0088_0179 0 0.9092 174 266 245 331
patient0088_0180 0 0.9017 171 266 245 331
patient0088_0181 0 0.8962 171 266 246 331
patient0088_0182 0 0.9000 170 266 246 332
patient0088_0183 0 0.8890 170 265 246 331
patient0088_0184 0 0.8762 170 265 246 332
patient0088_0185 0 0.8451 190 274 243 334
patient0088_0186 0 0.9072 194 273 244 333
patient0088_0187 0 0.8797 198 274 244 333
patient0088_0188 0 0.8600 205 274 245 335
patient0088_0189 0 0.8569 204 274 246 335
patient0088_0190 0 0.8861 203 273 246 334
patient0088_0191 0 0.8930 204 274 247 334
patient0088_0192 0 0.8603 203 272 249 334
patient0088_0193 0 0.8793 201 271 249 333
patient0088_0194 0 0.8866 201 270 250 333
patient0088_0195 0 0.8619 202 270 250 332
patient0088_0196 0 0.8271 196 269 249 333
patient0088_0197 0 0.8070 198 267 250 333
patient0088_0198 0 0.7692 198 267 247 333
patient0088_0199 0 0.6452 198 265 249 332
patient0088_0200 0 0.6321 197 265 248 332
patient0088_0201 0 0.6123 231 266 247 292
patient0088_0202 0 0.6699 231 266 247 291
patient0088_0203 0 0.7194 228 265 246 290
patient0088_0204 0 0.7445 227 266 245 289
patient0088_0205 0 0.7240 225 267 245 289
patient0088_0206 0 0.6818 229 270 244 288
patient0088_0207 0 0.6358 223 269 240 286
patient0088_0208 0 0.5920 221 269 240 285
patient0088_0209 0 0.5688 223 272 238 283
patient0088_0210 0 0.6157 222 268 239 283
patient0088_0211 0 0.6309 224 268 238 283
patient0088_0212 0 0.6725 223 266 237 282
patient0088_0213 0 0.6913 223 267 235 282
patient0088_0214 0 0.6653 223 266 236 282
patient0088_0215 0 0.6004 220 268 233 281
patient0088_0216 0 0.5393 218 267 234 282
patient0088_0217 0 0.5111 218 267 234 282
patient0088_0225 0 0.5367 192 275 226 323
patient0088_0226 0 0.5416 206 275 230 315
patient0089_0158 0 0.6478 227 308 262 349
patient0089_0159 0 0.7080 227 316 261 351
patient0089_0160 0 0.5441 227 318 263 352
patient0089_0167 0 0.5280 230 310 284 358
patient0089_0168 0 0.5730 230 311 284 359
patient0089_0177 0 0.6976 206 294 234 315
patient0089_0178 0 0.6885 201 283 231 316
patient0089_0179 0 0.7502 202 283 231 316
patient0089_0180 0 0.7904 203 280 230 317
patient0089_0181 0 0.7564 202 279 232 318
patient0089_0182 0 0.8188 202 276 231 319
patient0089_0183 0 0.8150 203 274 230 320
patient0089_0184 0 0.8258 204 272 230 321
patient0089_0185 0 0.7750 202 270 229 321
patient0089_0186 0 0.7966 200 269 230 321
patient0089_0187 0 0.7931 198 266 230 322
patient0089_0188 0 0.8621 198 261 232 320
patient0089_0189 0 0.9096 198 259 237 321
patient0089_0190 0 0.8910 197 257 239 321
patient0089_0191 0 0.8938 194 254 242 322
patient0089_0192 0 0.9021 191 254 247 322
patient0089_0193 0 0.9127 190 253 250 322
patient0089_0194 0 0.9159 189 254 249 323
patient0089_0195 0 0.8756 188 254 250 322
patient0089_0196 0 0.9094 187 254 253 323
patient0089_0197 0 0.8998 188 253 252 324
patient0089_0198 0 0.8439 191 257 251 324
patient0089_0199 0 0.8506 198 264 254 324
patient0089_0200 0 0.8770 200 264 255 324
patient0089_0201 0 0.8870 201 264 255 325
patient0089_0202 0 0.8909 202 265 255 326
patient0089_0203 0 0.8906 206 265 256 326
patient0089_0204 0 0.8903 207 265 256 326
patient0089_0205 0 0.8830 209 266 257 327
patient0089_0206 0 0.8848 213 267 258 326
patient0089_0207 0 0.8852 214 267 259 326
patient0089_0208 0 0.8676 215 266 257 326
patient0089_0209 0 0.8578 215 267 258 326
patient0089_0210 0 0.8742 213 265 259 325
patient0089_0211 0 0.8745 213 266 258 326
patient0089_0212 0 0.8890 213 266 258 327
patient0089_0213 0 0.8859 212 267 258 327
patient0089_0214 0 0.8713 211 267 257 328
patient0089_0215 0 0.8673 212 265 257 327
patient0089_0216 0 0.8578 209 268 256 328
patient0089_0217 0 0.8657 208 267 255 328
patient0089_0218 0 0.8590 207 266 255 327
patient0089_0219 0 0.8563 205 266 258 327
patient0089_0220 0 0.8463 204 263 256 326
patient0089_0221 0 0.8516 204 262 261 324
patient0089_0222 0 0.7228 201 262 263 322
patient0089_0223 0 0.7141 226 262 260 302
patient0089_0224 0 0.7501 229 261 259 297
patient0089_0225 0 0.7522 228 264 258 296
patient0089_0226 0 0.7410 228 262 258 293
patient0089_0227 0 0.7312 229 258 259 284
patient0089_0228 0 0.6829 228 258 258 282
patient0089_0229 0 0.6527 230 258 256 281
patient0089_0230 0 0.6385 230 258 255 279
patient0089_0231 0 0.6128 241 258 256 278
patient0089_0232 0 0.6425 241 256 254 274
patient0089_0233 0 0.6370 239 256 253 273
patient0089_0234 0 0.6054 236 259 250 272
patient0089_0235 0 0.5995 232 255 247 271
patient0089_0236 0 0.6147 233 258 245 269
patient0089_0237 0 0.6326 232 259 244 268
patient0089_0238 0 0.5700 231 258 243 268
patient0089_0239 0 0.5972 231 256 242 268
patient0089_0240 0 0.5704 230 255 243 269
patient0089_0241 0 0.5504 229 255 243 270
patient0089_0242 0 0.5390 229 255 243 270
patient0090_0148 0 0.5203 232 238 248 256
patient0090_0149 0 0.5911 232 236 247 256
patient0090_0170 0 0.6652 217 211 233 238
patient0090_0171 0 0.7677 214 206 237 240
patient0090_0172 0 0.7723 216 204 239 243
patient0090_0173 0 0.7981 216 204 241 245
patient0090_0174 0 0.8120 213 202 242 246
patient0090_0175 0 0.7884 213 198 242 247
patient0090_0176 0 0.8360 212 196 242 248
patient0090_0177 0 0.8102 210 193 247 249
patient0090_0178 0 0.8484 210 183 271 251
patient0090_0179 0 0.8746 211 182 272 252
patient0090_0180 0 0.8930 207 183 272 253
patient0090_0181 0 0.8915 207 183 273 254
patient0090_0182 0 0.9117 208 182 273 254
patient0090_0183 0 0.9084 208 182 273 255
patient0090_0184 0 0.9255 207 181 275 256
patient0090_0185 0 0.9327 207 181 275 256
patient0090_0186 0 0.9337 206 182 276 255
patient0090_0187 0 0.9469 204 181 276 255
patient0090_0188 0 0.9495 204 181 277 256
patient0090_0189 0 0.9439 204 181 277 256
patient0090_0190 0 0.9419 203 180 278 256
patient0090_0191 0 0.9418 202 180 278 256
patient0090_0192 0 0.9379 203 181 279 256
patient0090_0193 0 0.9204 203 182 279 256
patient0090_0194 0 0.9190 203 182 279 256
patient0090_0195 0 0.9036 202 181 280 255
patient0090_0196 0 0.8264 202 182 281 254
patient0090_0197 0 0.8409 234 184 289 254
patient0090_0198 0 0.8797 236 184 295 253
patient0090_0199 0 0.8929 236 185 294 253
patient0090_0200 0 0.8852 236 184 292 253
patient0090_0201 0 0.8829 234 184 292 253
patient0090_0202 0 0.8761 233 183 291 253
patient0090_0203 0 0.8501 233 183 293 253
patient0090_0204 0 0.8506 234 182 292 251
patient0090_0205 0 0.8277 234 183 292 250
patient0090_0206 0 0.7933 234 182 292 251
patient0090_0207 0 0.7452 233 182 293 251
patient0090_0208 0 0.6043 268 186 289 211
patient0090_0209 0 0.5956 268 182 286 209
patient0090_0210 0 0.6145 268 182 285 207
patient0090_0211 0 0.5409 269 182 283 205
patient0090_0212 0 0.5779 268 182 283 204
patient0090_0213 0 0.5417 265 182 282 205
patient0090_0227 0 0.5162 234 183 258 245
patient0091_0193 0 0.5223 227 258 256 287
patient0091_0194 0 0.5755 229 260 255 284
patient0091_0195 0 0.6631 229 258 248 280
patient0091_0196 0 0.7842 227 256 250 282
patient0091_0197 0 0.8002 225 255 252 284
patient0091_0198 0 0.8172 223 256 253 285
patient0091_0199 0 0.8230 222 255 253 285
patient0091_0200 0 0.8201 221 255 253 285
patient0091_0201 0 0.8199 221 252 254 285
patient0091_0202 0 0.8318 220 251 254 285
patient0091_0203 0 0.8314 220 250 254 286
patient0091_0204 0 0.8348 217 249 256 287
patient0091_0205 0 0.8197 215 249 256 287
patient0091_0206 0 0.8266 215 241 255 287
patient0091_0207 0 0.8771 215 235 255 288
patient0091_0208 0 0.8805 214 233 255 289
patient0091_0209 0 0.8592 213 233 255 289
patient0091_0210 0 0.8566 211 237 258 289
patient0091_0211 0 0.8520 211 236 259 289
patient0091_0212 0 0.8302 210 234 260 289
patient0091_0213 0 0.8111 208 236 260 290
patient0091_0214 0 0.8668 207 238 261 289
patient0091_0215 0 0.8203 205 238 262 290
patient0091_0216 0 0.7232 231 238 264 290
patient0091_0217 0 0.7623 231 237 266 290
patient0091_0218 0 0.7566 232 238 266 290
patient0091_0219 0 0.7736 234 239 265 291
patient0091_0220 0 0.7837 235 240 265 291
patient0091_0221 0 0.7932 236 240 264 291
patient0091_0222 0 0.8060 234 239 265 291
patient0091_0223 0 0.8041 234 239 265 291
patient0091_0224 0 0.7741 237 239 265 291
patient0091_0225 0 0.7962 236 238 264 291
patient0091_0226 0 0.8018 237 239 264 292
patient0091_0227 0 0.8032 239 238 267 292
patient0091_0228 0 0.7888 238 236 264 292
patient0091_0229 0 0.7741 237 237 269 292
patient0091_0230 0 0.7635 238 237 268 290
patient0091_0231 0 0.7677 240 236 266 290
patient0091_0232 0 0.7512 242 235 265 290
patient0091_0233 0 0.7554 243 235 266 290
patient0091_0234 0 0.7867 241 235 265 291
patient0091_0235 0 0.8205 236 235 269 292
patient0091_0236 0 0.8016 236 236 269 292
patient0091_0237 0 0.8342 235 233 270 292
patient0091_0238 0 0.8282 235 233 271 292
patient0091_0239 0 0.6760 241 231 274 289
patient0091_0240 0 0.7312 235 233 271 292
patient0091_0241 0 0.6469 236 232 272 291
patient0091_0242 0 0.5931 239 233 272 289
patient0091_0243 0 0.5833 236 233 271 291
patient0091_0244 0 0.5791 249 233 270 256
patient0091_0245 0 0.5881 249 233 269 255
patient0091_0246 0 0.6039 248 233 268 254
patient0091_0247 0 0.6299 246 234 268 253
patient0091_0248 0 0.6481 246 234 267 253
patient0091_0249 0 0.6309 247 234 266 252
patient0091_0250 0 0.6003 247 234 265 250
patient0091_0251 0 0.5877 247 234 264 249
patient0091_0252 0 0.5103 246 234 262 247
patient0092_0007 0 0.5314 203 318 244 349
patient0092_0008 0 0.5386 202 321 244 349
patient0092_0009 0 0.5371 202 318 245 349
patient0092_0012 0 0.5227 209 329 247 348
patient0092_0013 0 0.5320 209 326 245 349
patient0092_0017 0 0.5498 204 327 247 350
patient0092_0018 0 0.6757 205 330 246 351
patient0092_0019 0 0.6671 208 331 246 353
patient0092_0020 0 0.6916 213 335 247 362
patient0092_0021 0 0.6618 213 335 247 359
patient0092_0022 0 0.6876 208 333 247 353
patient0092_0023 0 0.7154 211 333 247 361
patient0092_0024 0 0.6722 212 332 247 364
patient0092_0139 0 0.6739 275 230 308 274
patient0092_0140 0 0.7209 279 230 307 274
patient0092_0141 0 0.7136 280 231 307 275
patient0092_0142 0 0.6664 280 231 307 277
patient0092_0150 0 0.5466 244 271 265 293
patient0092_0151 0 0.5260 244 271 264 291
patient0092_0168 0 0.5468 226 288 277 342
patient0092_0169 0 0.5657 223 287 280 343
patient0092_0171 0 0.5716 226 288 287 345
patient0092_0172 0 0.6824 221 287 286 345
patient0092_0173 0 0.7066 227 285 286 346
patient0092_0210 0 0.6325 197 267 212 288
patient0092_0211 0 0.7823 197 264 214 289
patient0092_0212 0 0.8088 196 261 216 291
patient0092_0213 0 0.8182 195 260 218 292
patient0092_0214 0 0.8243 194 258 218 293
patient0092_0215 0 0.8399 192 254 219 294
patient0092_0216 0 0.8494 193 254 219 295
patient0092_0217 0 0.8501 192 253 221 296
patient0092_0218 0 0.8583 191 251 222 297
patient0092_0219 0 0.8370 189 238 241 298
patient0092_0220 0 0.8895 189 237 243 298
patient0092_0221 0 0.8948 187 237 244 298
patient0092_0222 0 0.9098 195 237 246 298
patient0092_0223 0 0.9115 189 238 246 298
patient0092_0224 0 0.9086 189 236 247 297
patient0092_0225 0 0.9019 187 239 246 299
patient0092_0226 0 0.8917 188 240 247 299
patient0092_0227 0 0.9094 187 237 248 300
patient0092_0228 0 0.9119 186 237 249 300
patient0092_0229 0 0.9199 185 238 249 300
patient0092_0230 0 0.9037 184 238 249 300
patient0092_0231 0 0.8441 184 238 251 301
patient0092_0232 0 0.8477 208 238 256 300
patient0092_0233 0 0.8571 208 238 258 299
patient0092_0234 0 0.8608 207 238 260 298
patient0092_0235 0 0.8689 205 237 261 301
patient0092_0236 0 0.8816 206 241 259 300
patient0092_0237 0 0.9036 206 241 260 300
patient0092_0238 0 0.9147 206 242 261 300
patient0092_0239 0 0.9049 206 242 260 300
patient0092_0240 0 0.8741 205 243 260 300
patient0092_0241 0 0.8321 204 243 260 300
patient0092_0242 0 0.7621 202 243 259 300
patient0092_0243 0 0.7539 201 245 258 300
patient0092_0244 0 0.7286 226 245 258 279
patient0092_0245 0 0.7004 226 246 258 275
patient0092_0246 0 0.6657 227 246 256 273
patient0092_0247 0 0.6406 229 246 256 271
patient0092_0248 0 0.6590 227 245 255 269
patient0092_0249 0 0.6694 227 242 255 268
patient0092_0250 0 0.6668 229 245 255 268
patient0092_0251 0 0.6556 230 248 253 266
patient0092_0252 0 0.6845 228 241 251 266
patient0092_0253 0 0.6353 228 241 249 265
patient0092_0254 0 0.6519 229 244 248 265
patient0092_0255 0 0.6527 229 247 245 262
patient0092_0256 0 0.6366 230 246 245 262
patient0092_0257 0 0.6997 229 247 244 262
patient0092_0258 0 0.6957 228 247 244 261
patient0092_0259 0 0.6641 230 248 243 260
patient0092_0260 0 0.6428 230 248 241 259
patient0092_0261 0 0.6564 229 248 240 258
patient0092_0262 0 0.6213 228 247 238 257
patient0092_0263 0 0.5845 228 246 237 256
patient0092_0264 0 0.5909 228 245 237 256
patient0093_0151 0 0.5498 303 244 328 272
patient0093_0154 0 0.5135 299 243 324 272
patient0093_0207 0 0.5783 212 275 229 295
patient0093_0208 0 0.6033 213 275 229 296
patient0093_0209 0 0.7174 212 273 228 296
patient0093_0210 0 0.8101 212 274 231 297
patient0093_0211 0 0.8555 210 272 231 298
patient0093_0212 0 0.8581 208 270 233 299
patient0093_0213 0 0.8504 208 269 233 301
patient0093_0214 0 0.8513 206 270 233 302
patient0093_0215 0 0.8730 205 269 233 302
patient0093_0216 0 0.8746 204 269 232 303
patient0093_0217 0 0.8643 204 268 232 302
patient0093_0218 0 0.8785 203 268 232 302
patient0093_0219 0 0.8830 201 268 235 304
patient0093_0220 0 0.8846 202 266 235 303
patient0093_0221 0 0.8739 202 263 236 304
patient0093_0222 0 0.8836 199 251 240 305
patient0093_0223 0 0.8873 200 250 241 305
patient0093_0224 0 0.8794 198 250 242 305
patient0093_0225 0 0.8817 197 251 243 305
patient0093_0226 0 0.8721 196 250 244 305
patient0093_0227 0 0.8718 196 249 245 306
patient0093_0228 0 0.8738 195 248 246 306
patient0093_0229 0 0.8797 194 247 248 306
patient0093_0230 0 0.8765 194 248 248 307
patient0093_0231 0 0.8789 193 248 248 307
patient0093_0232 0 0.8955 192 248 248 307
patient0093_0233 0 0.8947 192 248 248 307
patient0093_0234 0 0.8475 195 247 248 307
patient0093_0235 0 0.8394 209 248 248 307
patient0093_0236 0 0.8371 211 248 248 307
patient0093_0237 0 0.8255 215 247 250 307
patient0093_0238 0 0.8141 221 248 249 307
patient0093_0239 0 0.8206 222 248 248 308
patient0093_0240 0 0.8446 222 247 248 308
patient0093_0241 0 0.8618 221 246 249 308
patient0093_0242 0 0.8705 222 247 249 308
patient0093_0243 0 0.8887 221 247 251 308
patient0093_0244 0 0.8822 220 248 255 307
patient0093_0245 0 0.8919 220 248 257 308
patient0093_0246 0 0.8852 219 248 262 307
patient0093_0247 0 0.8854 218 248 261 306
patient0093_0248 0 0.8782 217 248 262 306
patient0093_0249 0 0.7634 217 246 263 306
patient0093_0250 0 0.7031 226 247 263 300
patient0093_0251 0 0.6728 230 246 264 296
patient0093_0252 0 0.6127 234 248 265 296
patient0093_0253 0 0.6792 236 248 264 288
patient0093_0254 0 0.7407 237 247 263 286
patient0093_0255 0 0.6843 235 248 262 284
patient0093_0256 0 0.7028 234 248 261 285
patient0093_0257 0 0.7074 231 247 259 281
patient0093_0258 0 0.7145 231 248 258 278
patient0093_0259 0 0.6380 232 248 257 276
patient0093_0260 0 0.5785 231 249 255 274
patient0093_0261 0 0.5993 228 251 253 272
patient0093_0262 0 0.6430 229 252 253 271
patient0093_0263 0 0.6517 228 252 252 270
patient0093_0264 0 0.6111 230 253 251 268
patient0093_0265 0 0.5964 231 252 250 268
patient0093_0266 0 0.6080 230 253 249 267
patient0093_0267 0 0.6104 227 253 248 267
patient0093_0268 0 0.5814 227 253 247 266
patient0093_0269 0 0.5183 228 255 242 265
patient0093_0270 0 0.5257 213 253 242 306
patient0093_0271 0 0.6899 214 252 240 306
patient0093_0272 0 0.6812 214 252 239 306
patient0093_0273 0 0.6022 212 253 239 307
patient0093_0274 0 0.6181 212 253 238 307
patient0093_0275 0 0.6082 213 262 232 305
patient0093_0276 0 0.6830 213 258 235 305
patient0093_0277 0 0.6761 213 258 235 305
patient0093_0278 0 0.6635 213 260 232 305
patient0093_0279 0 0.6410 213 273 233 304
patient0093_0280 0 0.5880 212 279 235 304
patient0093_0281 0 0.5958 211 278 238 305
patient0094_0146 0 0.5557 222 261 249 286
patient0094_0147 0 0.5487 221 255 249 285
patient0094_0148 0 0.5438 220 254 249 284
patient0094_0150 0 0.5277 221 259 243 285
patient0094_0156 0 0.5493 227 267 243 283
patient0094_0159 0 0.6406 197 256 241 300
patient0094_0160 0 0.5509 220 264 241 286
patient0094_0161 0 0.5374 197 256 241 298
patient0094_0162 0 0.5849 219 260 240 285
patient0094_0163 0 0.7517 217 258 241 286
patient0094_0164 0 0.7324 217 258 244 286
patient0094_0165 0 0.8368 214 232 257 288
patient0094_0166 0 0.8671 213 231 261 289
patient0094_0167 0 0.8548 210 228 261 289
patient0094_0168 0 0.8726 208 232 262 288
patient0094_0169 0 0.8813 205 235 262 289
patient0094_0170 0 0.8887 205 232 263 288
patient0094_0171 0 0.8965 204 231 263 289
patient0094_0172 0 0.9012 204 230 263 289
patient0094_0173 0 0.8909 204 229 263 289
patient0094_0174 0 0.8910 203 228 264 289
patient0094_0175 0 0.8890 202 229 265 289
patient0094_0176 0 0.8878 202 230 264 289
patient0094_0177 0 0.8702 201 230 264 290
patient0094_0178 0 0.8682 201 231 264 289
patient0094_0179 0 0.8572 203 231 264 290
patient0094_0180 0 0.8894 211 230 264 290
patient0094_0181 0 0.9350 213 230 265 290
patient0094_0182 0 0.9439 214 229 264 290
patient0094_0183 0 0.9314 217 229 263 291
patient0094_0184 0 0.9249 219 229 263 291
patient0094_0185 0 0.9114 223 228 263 291
patient0094_0186 0 0.8977 224 228 263 291
patient0094_0187 0 0.8502 231 230 264 293
patient0094_0188 0 0.8568 233 230 263 293
patient0094_0189 0 0.8656 232 229 263 293
patient0094_0190 0 0.8648 234 228 263 293
patient0094_0191 0 0.8656 234 227 273 293
patient0094_0192 0 0.9110 234 227 273 294
patient0094_0193 0 0.9048 232 227 272 294
patient0094_0194 0 0.9054 233 226 272 295
patient0094_0195 0 0.8948 233 225 272 295
patient0094_0196 0 0.8883 232 225 272 294
patient0094_0197 0 0.8966 230 226 272 294
patient0094_0198 0 0.8584 230 225 271 294
patient0094_0199 0 0.8366 227 225 270 292
patient0094_0200 0 0.8486 225 222 269 292
patient0094_0201 0 0.8438 225 225 268 291
patient0094_0202 0 0.6453 240 224 265 248
patient0094_0203 0 0.6041 240 225 265 246
patient0094_0204 0 0.5333 241 226 263 244
patient0094_0205 0 0.5791 243 226 258 241
patient0094_0206 0 0.5754 244 226 257 239
patient0094_0207 0 0.5718 243 226 256 238
patient0094_0208 0 0.5009 242 227 255 238
patient0095_0112 0 0.5516 223 292 241 311
patient0095_0143 0 0.5841 231 285 257 319
patient0095_0144 0 0.6835 230 287 259 320
patient0095_0145 0 0.7148 229 284 259 321
patient0095_0146 0 0.6690 233 289 258 322
patient0095_0147 0 0.6881 228 281 261 324
patient0095_0148 0 0.6816 231 284 260 323
patient0095_0149 0 0.6704 229 281 267 326
patient0095_0150 0 0.6612 229 281 279 326
patient0095_0151 0 0.7574 227 279 277 330
patient0095_0152 0 0.7512 231 279 275 329
patient0095_0153 0 0.6404 231 278 275 330
patient0095_0154 0 0.6604 232 277 275 330
patient0095_0155 0 0.6387 232 277 275 331
patient0095_0156 0 0.6787 231 276 274 331
patient0095_0157 0 0.5369 230 276 274 331
patient0095_0185 0 0.6309 214 249 230 272
patient0095_0186 0 0.6750 214 247 229 268
patient0095_0187 0 0.7410 214 247 229 270
patient0095_0188 0 0.7832 213 247 229 272
patient0095_0189 0 0.8005 211 245 231 275
patient0095_0190 0 0.8063 211 242 234 277
patient0095_0191 0 0.8448 209 228 244 277
patient0095_0192 0 0.8958 209 228 246 278
patient0095_0193 0 0.9122 208 229 247 279
patient0095_0194 0 0.9176 207 229 248 279
patient0095_0195 0 0.9161 207 230 250 278
patient0095_0196 0 0.9191 206 231 251 278
patient0095_0197 0 0.9156 206 231 252 279
patient0095_0198 0 0.9243 206 231 253 278
patient0095_0199 0 0.9254 205 231 254 279
patient0095_0200 0 0.9243 205 231 253 279
patient0095_0201 0 0.9223 205 231 255 279
patient0095_0202 0 0.9209 204 230 255 279
patient0095_0203 0 0.9215 204 230 256 279
patient0095_0204 0 0.9234 203 230 256 279
patient0095_0205 0 0.9164 203 230 257 280
patient0095_0206 0 0.9189 202 230 257 280
patient0095_0207 0 0.9220 203 230 257 280
patient0095_0208 0 0.9197 202 230 257 280
patient0095_0209 0 0.9195 202 229 258 280
patient0095_0210 0 0.9175 202 228 258 280
patient0095_0211 0 0.9141 201 228 258 280
patient0095_0212 0 0.8686 202 229 259 280
patient0095_0213 0 0.8982 216 231 258 281
patient0095_0214 0 0.8891 218 231 259 281
patient0095_0215 0 0.8753 217 230 259 281
patient0095_0216 0 0.8593 219 231 259 281
patient0095_0217 0 0.8685 223 230 259 282
patient0095_0218 0 0.8717 225 230 259 282
patient0095_0219 0 0.8674 225 230 258 282
patient0095_0220 0 0.8715 226 230 258 282
patient0095_0221 0 0.8851 226 229 258 282
patient0095_0222 0 0.8775 225 229 258 282
patient0095_0223 0 0.8743 225 229 258 282
patient0095_0224 0 0.8658 225 229 258 281
patient0095_0225 0 0.8874 225 229 260 281
patient0095_0226 0 0.8755 225 229 263 282
patient0095_0227 0 0.8828 225 229 265 282
patient0095_0228 0 0.8817 225 229 267 281
patient0095_0229 0 0.8763 225 229 267 281
patient0095_0230 0 0.8711 224 228 267 281
patient0095_0231 0 0.8835 223 228 267 281
patient0095_0232 0 0.8817 223 228 266 280
patient0095_0233 0 0.8637 224 227 266 280
patient0095_0234 0 0.7732 224 227 263 280
patient0095_0235 0 0.6518 241 226 263 246
patient0095_0236 0 0.6778 242 227 262 245
patient0095_0237 0 0.6855 243 228 257 242
patient0095_0238 0 0.6148 244 229 254 239
patient0095_0239 0 0.5589 244 228 254 238
patient0095_0240 0 0.5451 244 228 254 238
patient0096_0007 0 0.5001 207 311 245 350
patient0096_0019 0 0.5311 206 320 230 341
patient0096_0020 0 0.5193 205 319 230 341
patient0096_0163 0 0.5434 245 284 268 310
patient0096_0164 0 0.5981 243 284 269 312
patient0096_0166 0 0.6474 243 277 266 313
patient0096_0167 0 0.6715 245 277 265 309
patient0096_0168 0 0.6873 246 279 263 306
patient0096_0169 0 0.5693 246 282 262 306
patient0096_0170 0 0.5480 235 281 265 320
patient0096_0171 0 0.5856 233 278 263 321
patient0096_0173 0 0.5981 233 282 258 316
patient0096_0174 0 0.5958 232 285 257 314
patient0096_0185 0 0.5849 274 146 315 205
patient0096_0186 0 0.5064 273 146 315 206
patient0096_0187 0 0.5839 272 144 315 206
patient0096_0221 0 0.5079 200 289 225 312
patient0096_0222 0 0.5159 200 289 223 311
patient0096_0237 0 0.5088 200 276 209 293
patient0096_0238 0 0.5922 200 275 209 293
patient0096_0240 0 0.5664 197 269 207 288
patient0096_0241 0 0.6512 192 265 206 288
patient0096_0242 0 0.6936 192 265 206 289
patient0096_0243 0 0.6779 192 267 206 289
patient0096_0244 0 0.6673 192 264 205 289
patient0096_0245 0 0.6000 191 264 205 286
patient0096_0246 0 0.6186 192 264 206 287
patient0096_0247 0 0.6885 191 259 208 287
patient0096_0248 0 0.5556 193 263 208 287
patient0096_0249 0 0.5640 191 268 209 289
patient0096_0250 0 0.7368 193 269 213 292
patient0096_0251 0 0.7653 194 266 214 294
patient0096_0252 0 0.7867 194 265 214 296
patient0096_0253 0 0.8224 192 262 214 297
patient0096_0254 0 0.8496 192 262 214 297
patient0096_0255 0 0.8597 192 260 216 297
patient0096_0256 0 0.8415 192 259 217 297
patient0096_0257 0 0.8463 192 257 218 297
patient0096_0258 0 0.8830 191 256 219 297
patient0096_0259 0 0.8905 191 255 220 298
patient0096_0260 0 0.8946 190 253 221 298
patient0096_0261 0 0.8756 189 243 251 299
patient0096_0262 0 0.8959 190 239 253 300
patient0096_0263 0 0.8723 191 241 253 300
patient0096_0264 0 0.8833 191 242 254 299
patient0096_0265 0 0.9087 190 241 254 299
patient0096_0266 0 0.9266 190 241 254 299
patient0096_0267 0 0.9292 190 240 255 299
patient0096_0268 0 0.9269 189 239 255 300
patient0096_0269 0 0.9204 188 238 255 301
patient0096_0270 0 0.9196 188 238 256 301
patient0096_0271 0 0.9160 187 238 256 301
patient0096_0272 0 0.9095 187 238 256 302
patient0096_0273 0 0.9049 187 238 257 302
patient0096_0274 0 0.8938 186 238 257 303
patient0096_0275 0 0.8827 185 238 257 304
patient0096_0276 0 0.8697 184 237 258 304
patient0096_0277 0 0.8380 183 236 259 304
patient0096_0278 0 0.8208 182 235 267 303
patient0096_0279 0 0.8328 182 237 262 304
patient0096_0280 0 0.8710 182 237 262 305
patient0096_0281 0 0.8396 213 246 265 305
patient0096_0282 0 0.8948 216 244 265 303
patient0096_0283 0 0.8854 216 245 265 303
patient0096_0284 0 0.8727 215 244 265 303
patient0096_0285 0 0.9160 213 245 264 304
patient0096_0286 0 0.9136 213 245 263 304
patient0096_0287 0 0.9073 212 245 263 303
patient0096_0288 0 0.8956 210 245 263 303
patient0096_0289 0 0.8847 210 245 263 303
patient0096_0290 0 0.8886 210 245 262 302
patient0096_0291 0 0.9068 210 244 262 302
patient0096_0292 0 0.9054 209 245 262 302
patient0096_0293 0 0.8719 209 245 262 302
patient0096_0294 0 0.8155 209 244 261 302
patient0096_0295 0 0.7041 208 246 261 302
patient0096_0296 0 0.6605 207 247 258 302
patient0096_0297 0 0.6095 207 246 256 302
patient0096_0298 0 0.6104 207 246 256 302
patient0096_0299 0 0.6087 236 244 258 261
patient0096_0300 0 0.6798 239 243 258 261
patient0096_0301 0 0.6712 239 244 257 260
patient0096_0302 0 0.5940 240 244 255 260
patient0097_0107 0 0.5064 263 212 298 252
patient0097_0108 0 0.5704 261 226 298 255
patient0097_0134 0 0.5186 230 225 265 258
patient0097_0135 0 0.5362 226 219 265 265
patient0097_0142 0 0.5612 218 227 255 261
patient0097_0143 0 0.5662 215 226 255 261
patient0097_0148 0 0.5336 192 238 208 257
patient0097_0149 0 0.7655 187 233 208 260
patient0097_0150 0 0.8131 186 230 210 261
patient0097_0151 0 0.8707 185 229 211 262
patient0097_0152 0 0.8538 186 227 211 263
patient0097_0153 0 0.8408 186 227 211 263
patient0097_0154 0 0.8561 184 226 212 263
patient0097_0155 0 0.8664 183 225 212 264
patient0097_0156 0 0.8516 181 220 213 265
patient0097_0157 0 0.8322 180 215 216 265
patient0097_0158 0 0.8344 180 214 224 265
patient0097_0159 0 0.8517 179 213 227 265
patient0097_0160 0 0.9023 181 211 228 263
patient0097_0161 0 0.9240 179 211 228 263
patient0097_0162 0 0.9360 178 209 229 263
patient0097_0163 0 0.9210 176 209 228 263
patient0097_0164 0 0.9126 175 208 228 263
patient0097_0165 0 0.9125 175 210 230 263
patient0097_0166 0 0.9134 175 210 229 263
patient0097_0167 0 0.9097 175 211 229 263
patient0097_0168 0 0.9079 175 211 229 263
patient0097_0169 0 0.9053 175 213 229 264
patient0097_0170 0 0.9015 174 214 230 264
patient0097_0171 0 0.8855 175 213 230 264
patient0097_0172 0 0.8857 191 213 231 265
patient0097_0173 0 0.8379 204 214 233 265
patient0097_0174 0 0.8502 206 213 239 266
patient0097_0175 0 0.8626 205 213 242 266
patient0097_0176 0 0.8574 205 213 243 266
patient0097_0177 0 0.8789 205 213 244 265
patient0097_0178 0 0.8981 203 213 246 265
patient0097_0179 0 0.9084 202 212 245 265
patient0097_0180 0 0.9005 201 213 241 266
patient0097_0181 0 0.9005 199 213 241 267
patient0097_0182 0 0.8866 197 213 241 267
patient0097_0183 0 0.8889 198 213 240 266
patient0097_0184 0 0.8786 196 213 239 267
patient0097_0185 0 0.8646 195 213 238 267
patient0097_0186 0 0.8173 193 212 238 267
patient0097_0187 0 0.6414 193 211 237 266
patient0097_0188 0 0.6469 213 210 236 228
patient0097_0189 0 0.6491 213 210 235 227
patient0097_0190 0 0.6400 213 210 234 226
patient0097_0191 0 0.6439 213 210 233 225
patient0097_0192 0 0.6510 213 211 233 225
patient0097_0193 0 0.6509 213 211 231 224
patient0097_0194 0 0.5989 213 212 230 224
patient0097_0195 0 0.5692 215 211 230 222
patient0097_0208 0 0.5872 208 218 222 249
patient0097_0209 0 0.5238 210 225 222 247
patient0098_0154 0 0.5577 215 287 246 319
patient0098_0155 0 0.6016 215 288 247 320
patient0098_0156 0 0.6386 215 288 246 322
patient0098_0157 0 0.6240 215 287 247 324
patient0098_0158 0 0.5917 214 273 253 327
patient0098_0159 0 0.5669 213 275 254 327
patient0098_0160 0 0.6014 214 280 258 329
patient0098_0161 0 0.6675 215 276 257 329
patient0098_0162 0 0.5291 214 271 254 330
patient0098_0163 0 0.5946 215 270 254 321
patient0098_0164 0 0.5569 216 267 254 318
patient0098_0181 0 0.5722 202 269 218 293
patient0098_0182 0 0.7127 197 267 217 292
patient0098_0183 0 0.7756 196 264 217 293
patient0098_0184 0 0.7930 195 263 218 293
patient0098_0185 0 0.7762 194 261 218 293
patient0098_0186 0 0.7804 192 261 218 293
patient0098_0187 0 0.7836 194 259 220 293
patient0098_0188 0 0.8319 192 257 219 295
patient0098_0189 0 0.8399 192 257 219 295
patient0098_0190 0 0.8377 191 255 218 295
patient0098_0191 0 0.8256 191 255 218 295
patient0098_0192 0 0.8087 190 255 218 294
patient0098_0193 0 0.8482 189 252 217 295
patient0098_0194 0 0.8857 187 246 218 295
patient0098_0195 0 0.8774 187 244 219 295
patient0098_0196 0 0.9037 185 244 220 295
patient0098_0197 0 0.9288 184 244 221 296
patient0098_0198 0 0.9340 183 244 223 296
patient0098_0199 0 0.9265 183 243 224 296
patient0098_0200 0 0.9222 182 243 225 296
patient0098_0201 0 0.9078 179 242 226 296
patient0098_0202 0 0.8666 178 242 228 295
patient0098_0203 0 0.8726 178 242 228 295
patient0098_0204 0 0.8495 178 242 228 295
patient0098_0205 0 0.8448 185 247 226 296
patient0098_0206 0 0.8682 186 248 226 295
patient0098_0207 0 0.8708 186 249 226 295
patient0098_0208 0 0.8742 187 250 227 295
patient0098_0209 0 0.8643 188 250 227 295
patient0098_0210 0 0.8586 189 250 227 295
patient0098_0211 0 0.8647 190 250 227 295
patient0098_0212 0 0.8528 190 249 228 294
patient0098_0213 0 0.8477 191 250 228 293
patient0098_0214 0 0.8485 192 251 225 295
patient0098_0215 0 0.8742 194 250 228 294
patient0098_0216 0 0.8791 196 250 228 293
patient0098_0217 0 0.8650 198 249 228 293
patient0098_0218 0 0.8539 198 249 227 293
patient0098_0219 0 0.8478 200 250 227 292
patient0098_0220 0 0.8413 201 250 227 292
patient0098_0221 0 0.8528 202 251 228 292
patient0098_0222 0 0.8501 202 249 228 291
patient0098_0223 0 0.8375 202 249 228 291
patient0098_0224 0 0.8478 201 247 228 293
patient0098_0225 0 0.8530 200 247 229 293
patient0098_0226 0 0.8628 199 246 230 293
patient0098_0227 0 0.8552 198 245 230 293
patient0098_0228 0 0.8537 197 246 229 293
patient0098_0229 0 0.8536 197 246 228 292
patient0098_0230 0 0.8520 198 248 229 291
patient0098_0231 0 0.8201 199 245 230 290
patient0098_0232 0 0.7562 198 244 234 290
patient0098_0233 0 0.7232 198 243 238 288
patient0098_0234 0 0.6670 210 243 237 280
patient0098_0235 0 0.7549 210 242 237 275
patient0098_0236 0 0.7544 210 242 236 274
patient0098_0237 0 0.7431 210 242 235 274
patient0098_0238 0 0.7221 209 243 235 269
patient0098_0239 0 0.7265 209 242 235 272
patient0098_0240 0 0.7123 208 243 235 273
patient0098_0241 0 0.7024 208 243 235 269
patient0098_0242 0 0.6792 207 241 233 269
patient0098_0243 0 0.6282 207 240 232 267
patient0098_0244 0 0.6072 206 241 232 265
patient0098_0245 0 0.5984 206 242 231 263
patient0098_0246 0 0.6120 206 241 230 262
patient0098_0247 0 0.6139 206 242 228 259
patient0098_0248 0 0.6019 210 242 224 254
patient0098_0249 0 0.6202 211 243 223 253
patient0098_0250 0 0.6097 210 242 222 253
patient0098_0251 0 0.5889 210 242 222 253
patient0098_0252 0 0.5657 209 241 221 253
patient0098_0253 0 0.6034 208 241 220 253
patient0098_0254 0 0.5468 208 241 218 252
patient0098_0255 0 0.5007 207 240 217 252
patient0098_0256 0 0.5090 206 240 217 252
patient0098_0266 0 0.5556 191 252 212 282
patient0098_0267 0 0.5953 192 254 211 282
patient0098_0268 0 0.5274 190 255 209 283
patient0098_0270 0 0.5100 196 257 212 281
patient0099_0145 0 0.5798 254 229 274 257
patient0099_0146 0 0.6484 254 229 273 254
patient0099_0147 0 0.5878 254 229 273 252
patient0099_0148 0 0.5975 254 229 273 253
patient0099_0149 0 0.6171 254 230 272 257
patient0099_0150 0 0.6430 254 230 271 258
patient0099_0151 0 0.6285 254 231 270 259
patient0099_0152 0 0.6108 254 231 269 258
patient0099_0153 0 0.5935 253 231 269 258
patient0099_0154 0 0.5417 253 231 269 258
patient0099_0155 0 0.5215 252 232 268 258
patient0099_0156 0 0.5100 250 232 268 258
patient0099_0171 0 0.6458 202 296 239 342
patient0099_0173 0 0.6000 202 293 242 342
patient0099_0174 0 0.7026 200 293 242 342
patient0099_0175 0 0.6338 200 290 244 343
patient0099_0176 0 0.5747 200 301 247 344
patient0099_0183 0 0.5457 196 297 218 313
patient0099_0184 0 0.5665 196 298 218 312
patient0099_0215 0 0.6859 170 274 189 299
patient0099_0216 0 0.7374 168 275 189 299
patient0099_0217 0 0.7673 167 273 190 301
patient0099_0218 0 0.8442 166 272 190 301
patient0099_0219 0 0.8415 165 270 190 301
patient0099_0220 0 0.8517 164 269 190 304
patient0099_0221 0 0.8680 164 268 190 305
patient0099_0222 0 0.8485 165 268 190 305
patient0099_0223 0 0.8536 164 266 189 305
patient0099_0224 0 0.8422 164 264 189 306
patient0099_0225 0 0.8546 163 264 190 306
patient0099_0226 0 0.8477 163 264 190 307
patient0099_0227 0 0.8532 165 263 191 307
patient0099_0228 0 0.8780 164 262 191 307
patient0099_0229 0 0.8832 163 261 191 308
patient0099_0230 0 0.8865 163 260 191 309
patient0099_0231 0 0.8791 162 260 191 309
patient0099_0232 0 0.8740 161 259 192 309
patient0099_0233 0 0.8597 160 257 192 310
patient0099_0234 0 0.8442 159 251 210 311
patient0099_0235 0 0.9078 158 250 211 312
patient0099_0236 0 0.9121 157 251 211 312
patient0099_0237 0 0.9255 156 251 212 312
patient0099_0238 0 0.9329 157 251 214 312
patient0099_0239 0 0.9404 155 251 215 312
patient0099_0240 0 0.9452 155 251 216 313
patient0099_0241 0 0.9465 155 251 216 313
patient0099_0242 0 0.9399 154 251 216 313
patient0099_0243 0 0.9364 153 251 216 313
patient0099_0244 0 0.9330 152 251 217 314
patient0099_0245 0 0.9316 153 251 217 314
patient0099_0246 0 0.9279 155 252 216 313
patient0099_0247 0 0.9304 152 252 217 315
patient0099_0248 0 0.9317 151 251 217 315
patient0099_0249 0 0.9231 150 251 217 315
patient0099_0250 0 0.9022 150 252 217 315
patient0099_0251 0 0.8771 150 252 218 315
patient0099_0252 0 0.8777 151 252 221 316
patient0099_0253 0 0.8819 151 252 221 316
patient0099_0254 0 0.8659 174 255 223 316
patient0099_0255 0 0.8968 177 255 224 315
patient0099_0256 0 0.9045 177 255 226 316
patient0099_0257 0 0.9041 177 255 226 316
patient0099_0258 0 0.9003 176 255 226 316
patient0099_0259 0 0.8937 175 255 226 316
patient0099_0260 0 0.8863 175 256 225 316
patient0099_0261 0 0.8907 174 256 223 316
patient0099_0262 0 0.8626 173 257 224 316
patient0099_0263 0 0.8238 172 257 223 315
patient0099_0264 0 0.7587 171 258 223 315
patient0099_0265 0 0.6317 194 260 223 294
patient0099_0266 0 0.6414 195 259 222 290
patient0099_0267 0 0.6855 195 258 222 287
patient0099_0268 0 0.6651 195 259 222 287
patient0099_0269 0 0.6718 197 260 221 287
patient0099_0270 0 0.6666 194 261 220 287
patient0099_0271 0 0.7030 195 259 219 285
patient0099_0272 0 0.7021 196 257 218 285
patient0099_0273 0 0.7135 195 257 218 284
patient0099_0274 0 0.7183 194 257 218 282
patient0099_0275 0 0.7109 195 258 218 281
patient0099_0276 0 0.7369 196 258 217 280
patient0099_0277 0 0.7162 196 260 217 280
patient0099_0278 0 0.7059 196 260 217 280
patient0099_0279 0 0.6859 198 260 216 279
patient0099_0280 0 0.6487 199 260 216 278
patient0099_0281 0 0.6271 201 261 215 277
patient0099_0282 0 0.5568 202 262 214 276
patient0099_0283 0 0.5413 201 262 213 275
patient0099_0284 0 0.6327 200 261 211 275
patient0099_0285 0 0.6551 199 262 210 274
patient0099_0286 0 0.6054 199 263 209 274
patient0099_0287 0 0.5275 199 264 208 273
patient0100_0173 0 0.5274 239 284 263 302
patient0100_0175 0 0.5323 233 286 259 307
patient0100_0176 0 0.5397 229 285 259 311
patient0100_0191 0 0.5055 219 277 270 313
patient0100_0192 0 0.5406 219 273 271 312
patient0100_0193 0 0.5039 218 273 271 315
patient0100_0194 0 0.5534 217 272 272 315
patient0100_0210 0 0.6492 209 272 222 300
patient0100_0211 0 0.7691 208 270 224 301
patient0100_0212 0 0.8234 207 268 227 304
patient0100_0213 0 0.8170 207 266 229 305
patient0100_0214 0 0.8980 205 252 253 307
patient0100_0215 0 0.8700 206 252 255 305
patient0100_0216 0 0.9166 206 249 257 306
patient0100_0217 0 0.9180 206 250 257 306
patient0100_0218 0 0.9114 207 249 258 307
patient0100_0219 0 0.9174 207 252 256 308
patient0100_0220 0 0.9203 207 249 258 307
patient0100_0221 0 0.9209 206 248 258 307
patient0100_0222 0 0.9215 205 247 258 308
patient0100_0223 0 0.9258 204 248 258 308
patient0100_0224 0 0.9258 204 249 258 309
patient0100_0225 0 0.9209 203 248 259 309
patient0100_0226 0 0.9145 203 247 259 309
patient0100_0227 0 0.9196 202 247 260 309
patient0100_0228 0 0.9201 202 247 260 309
patient0100_0229 0 0.9075 202 247 260 310
patient0100_0230 0 0.8562 218 251 261 310
patient0100_0231 0 0.8946 220 255 260 311
patient0100_0232 0 0.8987 220 254 260 311
patient0100_0233 0 0.8848 221 252 262 311
patient0100_0234 0 0.8808 221 252 263 311
patient0100_0235 0 0.8792 220 252 264 309
patient0100_0236 0 0.8839 221 251 266 309
patient0100_0237 0 0.8856 221 252 266 310
patient0100_0238 0 0.8904 221 252 266 310
patient0100_0239 0 0.8984 221 250 267 309
patient0100_0240 0 0.9114 220 251 266 308
patient0100_0241 0 0.9135 220 250 267 308
patient0100_0242 0 0.9052 219 251 267 309
patient0100_0243 0 0.9232 218 251 268 309
patient0100_0244 0 0.9165 218 251 267 308
patient0100_0245 0 0.8835 217 251 266 308
patient0100_0246 0 0.8689 217 252 265 308
patient0100_0247 0 0.8699 216 251 265 307
patient0100_0248 0 0.8590 216 251 264 306
patient0100_0249 0 0.8024 216 251 263 305
patient0100_0250 0 0.8004 215 251 262 305
patient0100_0251 0 0.7174 213 253 262 306
patient0100_0252 0 0.6684 212 253 260 306
patient0100_0253 0 0.5673 245 251 261 264
patient0100_0254 0 0.5572 246 252 260 263
patient0100_0255 0 0.5404 247 251 260 263
patient0100_0256 0 0.5248 247 251 259 262
